1 0 0 208 0 0 0 0 220 220 220 0 0 0 227 227 226 0 0 0 234 247 229 0 0 0 247 247 247 0 0 0 245 247 241 0 0 0 0 0 0 0 0 0 0 0 0 0 0 0 0 57 0 0 0 0 0 15 0 0 0 0 0 0 0 0 0 0 0 0 0 0 0 220 220 0 234 247 0 247 247 0 0 0 0 0 0 0 0 0 0 227 226 247 247 0 0 0 0 227 247 0 0 247 247 0 0 247 0
1 0 0 217 0 0 0 0 231 231 227 0 0 0 233 231 232 0 0 0 233 247 245 0 0 0 245 247 247 0 0 0 86 251 245 0 0 0 0 0 0 0 0 0 0 0 0 0 0 0 0 23 0 0 0 0 0 18 0 0 0 0 0 0 0 0 0 0 0 0 0 0 0 231 231 0 234 247 0 245 251 0 0 0 0 0 0 0 0 0 0 233 232 251 247 0 0 0 0 233 251 0 0 251 247 0 0 251 0
1 0 0 218 0 0 0 0 233 233 231 0 0 0 233 232 232 0 0 0 245 247 243 0 0 0 247 247 245 0 0 0 0 247 247 0 0 0 0 0 0 0 0 0 0 0 0 0 0 0 0 26 0 0 0 0 0 16 0 0 0 0 0 0 0 0 0 0 0 0 0 0 0 233 233 0 247 247 0 247 247 0 0 0 0 0 0 0 0 0 0 233 232 247 247 0 0 0 0 233 247 0 0 247 247 0 0 247 0
1 0 0 215 0 0 0 0 227 231 231 0 0 0 231 231 236 0 0 0 234 247 239 0 0 0 245 247 245 0 0 0 0 247 245 0 0 0 0 0 0 0 0 0 0 0 0 0 0 0 0 27 0 0 0 0 0 0 0 0 0 0 0 0 0 0 0 0 0 0 0 0 0 227 231 0 234 247 0 245 247 0 0 0 0 0 0 0 0 0 0 231 236 247 245 0 0 0 0 236 247 0 0 247 245 0 0 247 0
1 0 0 198 0 0 0 0 217 218 222 0 0 0 224 227 233 0 0 0 229 245 239 0 0 0 238 247 247 0 0 0 0 245 247 0 0 0 0 0 0 0 0 0 0 0 0 0 0 0 0 59 0 0 0 0 0 28 0 0 0 0 0 0 0 0 0 0 0 0 0 0 0 217 222 0 229 245 0 238 247 0 0 0 0 0 0 0 0 0 0 227 233 247 247 0 0 0 0 233 247 0 0 247 247 0 0 247 0
1 0 0 175 0 0 0 0 206 203 203 0 0 0 217 220 218 0 0 0 220 234 231 0 0 0 184 245 247 0 0 0 0 239 229 0 0 0 0 0 0 0 0 0 0 0 0 0 0 0 0 188 0 0 0 0 0 28 0 0 0 0 0 0 0 0 0 0 0 0 0 0 0 206 203 0 220 234 0 217 247 0 0 0 0 0 0 0 0 0 0 220 218 245 247 0 0 0 0 220 247 0 0 245 247 0 0 247 0
1 0 0 194 198 0 0 0 0 218 215 0 0 0 203 232 231 0 0 0 199 245 241 0 0 0 0 247 247 0 0 0 0 245 245 0 0 0 0 0 0 0 0 0 0 0 0 0 0 0 0 0 0 0 0 0 0 0 0 0 0 0 0 0 0 0 0 0 0 0 0 0 0 0 218 0 203 245 0 0 247 0 0 0 0 0 0 0 0 0 0 232 231 247 247 0 0 0 0 232 247 0 0 247 247 0 0 247 0
1 0 0 191 192 0 0 0 0 213 213 0 0 0 215 230 234 0 0 0 211 245 247 0 0 0 194 247 247 0 0 0 0 245 245 0 0 0 0 0 0 0 0 0 0 0 0 0 0 0 0 0 0 0 0 0 0 26 0 0 0 0 0 0 0 0 0 0 0 0 0 0 0 206 213 0 215 247 0 194 247 0 0 0 0 0 0 0 0 0 0 230 234 247 247 0 0 0 0 234 247 0 0 247 247 0 0 247 0
1 0 0 204 208 0 0 0 0 225 220 0 0 0 211 233 236 0 0 0 205 247 247 0 0 0 198 247 247 0 0 0 0 245 247 0 0 0 0 0 0 0 0 0 0 0 0 0 0 0 0 31 0 0 0 0 0 26 0 0 0 0 0 0 0 0 0 0 0 0 0 0 0 0 225 0 215 247 0 198 247 0 0 0 0 0 0 0 0 0 0 233 236 247 247 0 0 0 0 236 247 0 0 247 247 0 0 247 0
1 0 0 201 198 0 0 0 0 217 217 0 0 0 0 220 225 0 0 0 0 239 241 0 0 0 0 245 247 0 0 0 0 245 245 0 247 0 0 0 0 0 0 0 0 0 0 0 0 0 0 0 0 0 0 0 0 0 0 0 0 0 0 0 0 0 0 0 0 0 0 0 0 0 217 0 0 241 0 0 247 247 0 0 0 0 0 0 0 0 0 220 225 245 251 0 0 0 0 225 251 0 0 245 251 0 0 251 0
1 0 0 199 205 0 0 0 0 231 215 0 0 0 0 236 225 215 0 0 0 241 234 225 0 0 0 245 247 220 0 251 0 247 247 0 251 0 0 0 0 0 0 0 0 0 0 0 0 0 0 0 0 0 0 0 0 0 6 0 0 0 0 0 0 0 0 0 0 0 0 0 0 0 231 0 0 241 222 251 247 251 0 0 0 0 0 0 0 0 0 236 225 251 251 0 0 0 0 236 251 0 0 251 251 0 0 251 0
1 0 0 178 182 0 0 0 0 220 205 0 0 0 0 236 225 0 0 0 0 239 233 227 0 0 0 245 247 0 0 0 0 241 247 0 238 0 0 0 0 0 0 0 0 0 0 0 0 0 0 0 0 0 0 0 0 0 0 0 0 0 0 0 0 0 0 0 0 0 0 0 0 0 220 0 0 239 227 0 247 238 0 0 0 0 0 0 0 0 0 236 225 245 251 0 0 0 0 236 251 0 0 245 251 0 0 251 0
1 0 0 192 201 0 0 0 0 229 215 0 0 0 0 234 226 217 0 0 0 245 233 220 0 0 0 243 247 0 0 0 0 241 245 0 0 0 0 0 0 0 0 0 0 0 0 0 0 0 0 0 0 0 0 0 0 0 0 0 0 0 0 0 0 0 0 0 0 0 0 0 0 0 229 0 0 245 217 0 247 0 0 0 0 0 0 0 0 0 0 234 226 245 251 0 0 0 0 234 251 0 0 245 251 0 0 251 0
1 0 0 195 194 0 0 0 0 220 218 0 0 0 0 224 229 0 0 0 0 245 245 0 0 0 0 247 247 0 0 245 0 248 241 0 251 0 0 0 0 0 0 0 0 0 0 0 0 0 0 0 0 0 0 0 0 0 0 0 0 0 0 0 0 0 0 0 0 0 0 0 0 0 220 0 0 245 0 245 248 251 0 0 0 0 0 0 0 0 0 224 229 248 251 0 0 0 0 229 251 0 0 248 251 0 0 251 0
1 0 0 198 199 0 0 0 0 222 220 0 0 0 204 233 234 0 0 0 199 247 247 0 0 0 78 247 247 0 0 0 0 248 248 0 0 0 0 0 0 0 0 0 0 0 0 0 0 0 0 0 0 0 0 0 0 0 0 0 0 0 0 0 0 0 0 0 0 0 0 0 0 0 222 0 204 247 0 78 248 0 0 0 0 0 0 0 0 0 0 233 234 248 247 0 0 0 0 234 248 0 0 248 247 0 0 248 0
1 0 0 199 203 0 0 0 0 222 220 0 0 0 212 231 234 0 0 0 213 247 247 0 0 0 0 247 247 0 0 0 0 247 247 0 0 0 0 0 0 0 0 0 0 0 0 0 0 0 0 0 0 0 0 0 0 0 0 0 0 0 0 0 0 0 0 0 0 0 0 0 0 0 222 0 217 247 0 0 247 0 0 0 0 0 0 0 0 0 0 231 234 247 247 0 0 0 0 234 247 0 0 247 247 0 0 247 0
1 0 0 0 0 0 0 0 0 220 212 0 0 0 0 225 220 0 0 0 0 239 241 0 0 78 0 247 247 0 0 243 0 245 241 0 251 0 0 0 0 0 0 0 0 0 0 0 0 0 0 0 0 0 0 0 0 0 0 0 0 0 0 0 0 0 0 0 0 0 0 0 0 0 220 0 0 241 0 243 247 251 0 0 0 0 0 0 0 0 0 225 220 247 251 0 0 0 0 225 251 0 0 247 251 0 0 251 0
1 0 0 195 199 0 0 0 0 220 215 0 0 0 208 231 234 0 0 0 205 245 247 0 0 0 0 247 247 0 0 0 0 248 247 0 0 0 0 0 0 0 0 0 0 0 0 0 0 0 0 0 0 0 0 0 0 0 0 0 0 0 0 0 0 0 0 0 0 0 0 0 0 0 220 0 210 247 0 0 248 0 0 0 0 0 0 0 0 0 0 231 234 248 247 0 0 0 0 234 248 0 0 248 247 0 0 248 0
2 0 0 213 213 171 154 0 0 231 220 178 153 0 238 234 224 183 153 0 227 227 220 187 155 0 222 222 217 189 68 0 0 225 214 0 0 0 0 0 0 0 0 0 0 0 0 0 0 0 0 0 7 0 0 0 0 0 0 0 0 0 0 0 0 0 0 0 0 0 0 0 0 0 231 176 238 233 187 222 225 187 0 0 0 0 0 0 0 0 0 238 224 227 220 0 0 0 0 238 227 0 0 238 224 0 0 238 0
2 0 0 224 194 189 171 0 0 236 226 194 170 0 241 239 229 194 171 0 238 234 227 196 171 0 233 231 220 198 182 0 0 232 221 0 0 0 0 0 0 0 0 0 0 0 0 0 0 0 0 0 4 0 0 0 0 0 0 0 0 0 0 0 0 0 0 0 0 0 0 0 0 0 236 194 241 239 196 233 232 198 0 0 0 0 0 0 0 0 0 241 229 238 227 0 0 0 0 241 238 0 0 241 229 0 0 241 0
2 0 0 224 199 196 171 0 231 236 226 194 171 0 238 233 227 192 173 0 236 233 227 197 171 0 222 224 220 196 0 0 0 229 222 0 0 0 0 0 0 0 0 0 0 0 0 0 0 0 0 0 3 0 0 0 0 0 0 0 0 0 0 0 0 0 0 0 0 0 0 0 0 231 236 196 238 233 197 224 229 194 0 0 0 0 0 0 0 0 0 238 227 236 227 0 0 0 0 238 236 0 0 238 227 0 0 238 0
2 0 0 226 203 201 184 0 238 238 232 201 185 0 238 234 233 203 187 0 234 233 229 208 183 0 229 222 227 210 0 0 224 233 0 0 0 0 0 0 0 0 0 0 0 0 0 0 0 0 0 0 2 0 0 0 0 0 0 0 0 0 0 0 0 0 0 0 0 0 0 0 0 238 238 201 238 234 208 229 233 208 0 0 0 0 0 0 0 0 0 238 233 234 229 0 0 0 0 238 234 0 0 238 233 0 0 238 0
2 0 0 227 208 204 182 0 234 236 229 204 184 0 238 233 232 199 184 0 236 231 224 199 0 0 225 222 225 201 182 0 228 236 0 0 0 0 0 0 0 0 0 0 0 0 0 0 0 0 0 0 5 0 0 0 0 0 0 0 0 0 0 0 0 0 0 0 0 0 0 0 0 234 236 204 238 233 199 228 236 201 0 0 0 0 0 0 0 0 0 238 232 236 225 0 0 0 0 238 236 0 0 238 232 0 0 238 0
2 0 0 225 205 201 176 0 234 239 229 203 182 0 238 233 236 201 180 0 233 234 229 201 0 0 227 226 226 204 0 0 228 234 224 0 0 0 0 0 0 0 0 0 0 0 0 0 0 0 0 0 5 0 0 0 0 0 0 0 0 0 0 0 0 0 0 0 0 0 0 0 0 234 239 203 238 236 199 228 234 203 0 0 0 0 0 0 0 0 0 239 236 234 229 0 0 0 0 239 234 0 0 239 236 0 0 239 0
2 0 0 227 212 208 185 0 239 239 232 208 191 0 239 234 238 205 198 0 234 233 227 210 0 0 227 226 224 211 66 0 229 235 0 0 0 0 0 0 0 0 0 0 0 0 0 0 0 0 0 0 0 0 0 0 0 0 0 0 0 0 0 0 0 0 0 0 0 0 0 0 0 239 239 208 239 238 210 229 235 210 0 0 0 0 0 0 0 0 0 239 238 235 227 0 0 0 0 239 235 0 0 239 238 0 0 239 0
2 0 0 227 212 208 0 0 239 245 233 204 187 0 239 234 234 204 187 0 238 233 217 208 0 0 227 227 208 208 182 0 230 239 0 0 0 0 0 0 0 0 0 0 0 0 0 0 0 0 0 0 0 0 0 0 0 0 0 0 0 0 0 0 0 0 0 0 0 0 0 0 0 239 245 208 239 234 208 230 239 208 0 0 0 0 0 0 0 0 0 245 234 239 217 0 0 0 0 245 239 0 0 245 234 0 0 245 0
2 0 0 231 220 218 0 0 239 245 233 215 0 0 239 239 241 211 0 0 233 238 231 217 0 0 227 229 224 215 0 0 231 233 0 0 0 0 0 0 0 0 0 0 0 0 0 0 0 0 0 0 0 0 0 0 0 0 0 0 0 0 0 0 0 0 0 0 0 0 0 0 0 239 245 218 239 241 217 231 233 215 0 0 0 0 0 0 0 0 0 245 239 238 231 0 0 0 0 245 238 0 0 245 239 0 0 245 0
2 0 0 225 226 222 224 0 0 239 239 233 233 0 0 233 238 239 236 0 0 227 238 239 0 0 0 232 238 238 0 251 0 245 241 0 0 0 0 0 0 0 0 0 0 0 0 0 0 0 0 0 0 0 0 0 0 0 0 0 0 0 0 0 0 0 0 0 0 0 0 0 0 0 239 233 0 239 239 251 245 251 0 0 0 0 0 0 0 0 0 239 239 251 251 0 0 0 0 239 251 0 0 251 251 0 0 251 0
2 0 0 227 224 213 208 0 0 238 227 215 201 0 0 234 233 211 194 0 0 227 229 204 0 0 0 234 222 201 0 251 0 238 225 0 251 0 0 0 0 0 0 0 0 0 0 190 0 0 0 0 0 0 0 0 0 0 0 0 0 0 0 0 0 0 0 0 0 0 0 0 0 0 238 215 0 234 211 251 238 251 0 0 0 0 0 0 0 0 0 238 233 251 251 0 0 0 0 238 251 0 0 251 251 0 0 251 0
2 0 0 220 220 208 198 0 0 236 227 213 196 0 0 233 232 208 187 0 0 227 232 199 0 0 0 233 222 194 0 0 0 239 227 0 0 0 0 0 0 0 0 0 0 0 0 180 0 0 0 0 0 0 0 0 0 0 0 0 0 0 0 0 0 0 0 0 0 0 0 0 0 0 236 213 0 233 204 0 239 194 0 0 0 0 0 0 0 0 0 236 232 239 251 0 0 0 0 236 251 0 0 239 251 0 0 251 0
2 0 0 220 224 215 206 0 0 236 229 220 199 0 0 234 236 211 194 0 224 233 238 208 0 0 0 236 227 199 0 0 0 241 230 0 0 0 0 0 0 0 0 0 0 0 0 189 0 0 0 0 1 0 0 0 0 0 0 0 0 0 0 0 0 0 0 0 0 0 0 0 0 0 236 220 225 238 209 0 241 199 0 0 0 0 0 0 0 0 0 236 236 241 251 0 0 0 0 236 251 0 0 241 251 0 0 251 0
2 0 0 227 226 227 227 0 0 238 241 239 234 0 0 234 243 238 239 0 0 229 239 241 0 0 0 233 239 238 0 251 0 241 241 0 0 0 0 0 0 0 0 0 0 0 0 0 0 0 0 0 0 0 0 0 0 0 0 0 0 0 0 0 0 0 0 0 0 0 0 0 0 0 241 239 0 243 241 251 241 251 0 0 0 0 0 0 0 0 0 238 243 251 251 0 0 0 0 243 251 0 0 251 251 0 0 251 0
2 0 0 215 217 177 155 0 0 232 220 180 153 0 229 234 224 185 155 85 231 233 220 190 156 0 222 222 220 187 0 0 0 227 217 0 0 0 0 0 0 0 0 0 0 0 0 0 0 0 0 0 2 0 0 0 0 0 0 0 0 0 0 0 0 0 0 0 0 0 0 0 0 0 232 180 231 234 187 222 227 187 0 0 0 0 0 0 0 0 0 234 224 233 220 0 0 0 0 234 233 0 0 234 224 0 0 234 0
2 0 0 231 213 208 0 0 243 241 233 206 0 0 241 239 239 205 0 0 238 236 231 208 0 0 229 237 227 211 0 0 232 239 0 0 0 0 0 0 0 0 0 0 0 0 0 0 0 0 0 0 0 0 0 0 0 0 0 0 0 0 0 0 0 0 0 0 0 0 0 0 0 243 241 208 241 239 208 232 239 211 0 0 0 0 0 0 0 0 0 243 239 239 231 0 0 0 0 243 239 0 0 243 239 0 0 243 0
2 0 0 226 215 211 0 0 239 239 233 208 183 0 241 234 234 201 0 0 233 232 225 206 0 0 229 229 220 208 0 0 230 234 0 0 0 0 0 0 0 0 0 0 0 0 0 0 0 0 0 0 0 0 0 0 0 0 0 0 0 0 0 0 0 0 0 0 0 0 0 0 0 239 239 211 241 234 206 230 234 206 0 0 0 0 0 0 0 0 0 241 234 234 225 0 0 0 0 241 234 0 0 241 234 0 0 241 0
2 0 0 222 226 213 208 0 0 239 232 217 199 0 0 236 237 210 192 0 224 233 236 208 0 0 0 236 227 199 0 0 0 241 229 0 0 0 0 0 0 0 0 0 0 0 0 0 0 0 0 0 1 0 0 0 0 0 0 0 0 0 0 0 0 0 0 0 0 0 0 0 0 0 239 217 224 237 208 0 241 199 0 0 0 0 0 0 0 0 0 239 237 241 251 0 0 0 0 239 251 0 0 241 251 0 0 251 0
2 0 0 227 222 222 0 0 241 241 234 218 0 0 238 243 245 208 0 0 233 238 222 215 0 0 227 232 215 215 0 0 231 236 0 85 85 0 0 0 0 0 0 0 0 0 0 0 0 0 0 0 0 0 0 0 0 0 0 0 0 0 0 0 0 0 0 0 0 0 0 0 0 241 241 222 238 245 215 231 236 215 0 0 0 0 0 0 0 0 0 243 245 238 222 0 0 0 0 245 238 0 0 243 245 0 0 245 0
3 0 0 224 183 140 0 0 236 241 239 140 0 0 245 247 241 0 0 0 233 245 232 0 0 0 233 241 233 0 0 247 229 251 222 0 0 0 0 0 0 0 0 0 0 0 0 0 0 0 0 2 0 0 0 0 0 1 0 0 0 0 0 0 0 0 0 0 0 0 0 0 0 236 241 140 245 247 0 247 251 0 0 0 0 0 0 0 0 0 0 247 241 251 233 0 0 0 0 247 251 0 0 251 241 0 0 251 0
3 0 0 224 187 155 0 0 234 238 238 148 0 0 245 241 239 0 0 0 231 243 227 0 0 0 226 236 226 0 0 247 232 236 0 0 0 0 0 0 0 0 0 0 0 0 0 0 0 0 0 1 0 0 0 0 0 0 0 0 0 0 0 0 0 0 0 0 0 0 0 0 0 234 238 154 245 243 0 247 236 0 0 0 0 0 0 0 0 0 0 245 239 247 227 0 0 0 0 245 247 0 0 247 239 0 0 247 0
3 0 0 222 194 144 0 0 232 233 234 144 0 0 247 247 236 0 0 0 227 245 227 0 0 0 225 236 227 0 0 247 226 234 0 0 0 0 0 0 0 0 0 0 0 0 0 0 0 0 0 0 0 0 0 0 0 0 0 0 0 0 0 1 0 0 0 0 0 0 0 0 0 232 234 144 247 247 0 247 236 0 0 0 0 0 0 0 0 0 0 247 236 247 227 0 0 0 0 247 247 0 0 247 236 0 0 247 0
3 0 0 224 191 154 0 0 241 241 236 156 0 0 247 247 241 0 0 0 231 241 229 0 0 0 229 236 229 0 0 247 229 234 0 0 0 0 0 0 0 0 0 0 0 0 0 0 0 0 0 0 0 0 0 0 0 1 0 0 0 0 0 0 0 0 0 0 0 0 0 0 0 241 241 156 247 247 0 247 236 0 0 0 0 0 0 0 0 0 0 247 241 247 229 0 0 0 0 247 247 0 0 247 241 0 0 247 0
3 0 0 225 176 140 0 0 234 239 239 141 0 0 247 247 238 0 0 0 234 241 226 0 0 0 229 236 225 0 0 247 230 234 0 0 0 0 0 0 0 0 0 0 0 0 0 0 0 0 0 0 0 0 0 0 0 0 0 0 0 0 0 0 0 0 0 0 0 0 0 0 0 234 239 140 247 247 0 247 236 0 0 0 0 0 0 0 0 0 0 247 239 247 226 0 0 0 0 247 247 0 0 247 239 0 0 247 0
3 0 0 218 183 149 0 0 229 231 227 204 0 0 233 234 229 0 0 0 224 234 224 0 0 0 220 234 224 0 0 247 212 232 215 0 0 0 0 0 0 0 0 0 0 0 0 0 0 0 0 0 0 0 0 0 0 0 0 0 0 0 0 0 0 0 0 0 0 0 0 0 0 229 231 177 233 234 0 247 234 0 0 0 0 0 0 0 0 0 0 234 229 247 224 0 0 0 0 234 247 0 0 247 229 0 0 247 0
3 0 0 218 169 123 0 0 232 231 225 125 0 0 241 245 231 0 0 0 233 241 224 0 0 0 224 236 224 0 0 247 220 233 215 0 0 0 0 0 0 0 0 0 0 0 0 0 0 0 0 0 0 0 0 0 0 0 0 0 0 0 0 2 0 0 0 0 0 0 0 0 0 232 231 125 241 245 0 247 236 0 0 0 0 0 0 0 0 0 0 245 231 247 224 0 0 0 0 245 247 0 0 247 231 0 0 247 0
3 0 0 222 173 135 0 0 234 234 232 139 0 0 243 247 227 0 0 0 231 234 227 0 0 0 227 236 227 0 0 247 231 234 217 0 0 0 0 0 0 0 0 0 0 0 0 0 0 0 0 1 0 0 0 0 0 0 0 0 0 0 0 0 0 0 0 0 0 0 0 0 0 234 234 139 243 247 0 247 236 0 0 0 0 0 0 0 0 0 0 247 232 247 227 0 0 0 0 247 247 0 0 247 232 0 0 247 0
3 0 0 222 178 149 0 0 234 236 238 160 0 0 247 247 234 0 0 0 231 241 229 0 0 0 229 238 229 0 0 247 229 236 224 0 0 0 0 0 0 0 0 0 0 0 0 0 0 0 0 1 0 0 0 0 0 0 0 0 0 0 0 0 0 0 0 0 0 0 0 0 0 234 238 156 247 247 0 247 238 0 0 0 0 0 0 0 0 0 0 247 238 247 229 0 0 0 0 247 247 0 0 247 238 0 0 247 0
3 0 0 213 212 185 162 0 205 234 224 203 163 0 213 231 215 206 0 0 0 222 215 0 0 0 0 229 217 0 0 0 0 234 228 0 0 0 0 0 0 0 0 0 0 0 0 0 0 0 0 0 0 0 0 0 0 0 0 0 0 0 0 0 0 0 0 0 0 0 0 0 0 205 234 203 213 231 205 0 234 0 0 0 0 0 0 0 0 0 0 234 222 234 251 0 0 0 0 234 251 0 0 234 251 0 0 251 0
3 139 0 215 217 175 155 0 225 231 224 203 161 0 0 229 213 201 0 0 0 225 220 194 0 0 0 241 217 0 0 0 0 234 226 0 247 0 0 0 0 0 0 0 0 0 3 0 0 0 0 0 0 0 0 0 0 0 0 0 0 0 0 0 0 0 0 0 0 0 0 0 0 225 231 201 0 229 201 0 241 247 0 0 0 0 0 0 0 0 0 231 224 241 251 0 0 0 0 231 251 0 0 241 251 0 0 251 0
3 127 0 211 217 167 148 0 220 231 222 196 156 0 222 233 220 199 0 0 0 227 215 187 0 0 0 239 232 0 0 0 0 236 225 0 247 0 0 0 0 0 0 0 0 0 4 0 0 0 0 0 0 0 0 0 0 0 0 0 0 0 0 0 0 0 0 0 0 0 0 0 0 220 231 195 222 233 198 0 239 247 0 0 0 0 0 0 0 0 0 233 220 239 251 0 0 0 0 233 251 0 0 239 251 0 0 251 0
3 0 0 217 218 180 156 0 0 232 227 204 156 0 215 233 220 210 0 0 0 225 218 0 0 0 0 225 217 0 0 249 0 229 225 0 251 0 0 0 0 0 0 0 0 0 3 0 0 0 0 0 0 0 0 0 0 0 0 0 0 0 0 0 0 0 0 0 0 0 0 0 0 0 232 201 215 233 210 249 229 251 0 0 0 0 0 0 0 0 0 233 226 249 251 0 0 0 0 233 251 0 0 249 251 0 0 251 0
3 0 0 217 217 190 162 0 210 232 231 210 0 0 218 234 222 210 0 0 0 222 217 0 0 0 0 224 215 0 0 249 0 231 225 0 0 0 0 0 0 0 0 0 0 0 0 0 0 0 0 0 0 0 0 0 0 0 0 0 0 0 0 0 0 0 0 0 0 0 0 0 0 210 232 206 220 234 210 249 231 251 0 0 0 0 0 0 0 0 0 234 231 249 251 0 0 0 0 234 251 0 0 249 251 0 0 251 0
3 0 0 220 163 132 0 0 236 236 232 135 0 0 245 247 229 0 0 0 231 236 224 0 0 0 224 233 222 0 0 247 225 247 217 0 0 0 0 0 0 0 0 0 0 0 0 0 0 0 0 3 0 0 0 0 0 2 0 0 0 0 0 2 0 0 0 0 0 0 0 0 0 236 236 134 247 245 0 247 247 0 0 0 0 0 0 0 0 0 0 247 232 247 224 0 0 0 0 247 247 0 0 247 232 0 0 247 0
3 0 0 213 189 121 0 0 225 232 217 208 0 0 239 245 218 106 0 0 218 231 218 0 0 0 0 231 217 0 0 247 0 232 208 0 0 0 0 0 0 0 0 0 0 0 0 0 0 0 0 0 0 0 0 0 0 0 0 0 0 0 0 0 0 0 0 0 0 0 0 0 0 227 232 208 241 245 106 247 232 0 0 0 0 0 0 0 0 0 0 245 218 247 218 0 0 0 0 245 247 0 0 247 218 0 0 247 0
3 0 0 217 201 161 0 0 227 233 227 212 0 0 241 245 231 0 0 0 224 227 220 0 0 0 218 231 215 0 0 247 0 231 212 0 0 0 0 0 0 0 0 0 0 0 0 0 0 0 0 4 0 0 0 0 0 0 0 0 0 0 0 0 0 0 0 0 0 0 0 0 0 227 233 211 241 245 0 247 231 0 0 0 0 0 0 0 0 0 0 245 231 247 220 0 0 0 0 245 247 0 0 247 231 0 0 247 0
3 123 0 210 217 171 148 0 213 229 224 191 146 0 215 225 220 192 0 0 0 227 217 0 0 0 0 239 229 0 0 251 0 236 222 0 0 0 0 0 0 0 0 0 0 0 4 0 0 0 0 0 0 0 0 0 0 0 0 0 0 0 0 0 0 0 0 0 0 0 0 0 0 213 229 191 215 227 0 251 239 0 0 0 0 0 0 0 0 0 0 229 220 251 251 0 0 0 0 229 251 0 0 251 251 0 0 251 0
3 0 0 212 212 185 160 0 208 232 227 201 160 0 215 233 215 204 0 0 0 220 215 0 0 0 0 222 217 0 0 251 0 228 225 0 0 0 0 0 0 0 0 0 0 0 0 0 0 0 0 0 0 0 0 0 0 0 0 0 0 0 0 0 0 0 0 0 0 0 0 0 0 208 232 201 215 233 203 251 228 251 0 0 0 0 0 0 0 0 0 233 227 251 251 0 0 0 0 233 251 0 0 251 251 0 0 251 0
4 0 196 197 192 0 0 0 199 197 194 0 0 0 196 196 192 0 0 0 194 194 187 0 0 0 192 203 197 0 0 0 190 199 192 0 0 0 0 0 0 0 0 0 0 15 0 0 0 0 0 3 0 0 0 0 0 2 0 0 0 0 0 4 0 0 0 0 0 0 0 0 0 199 197 0 196 196 0 192 203 0 0 0 0 0 0 0 0 0 0 199 194 203 197 0 0 0 0 199 203 0 0 203 197 0 0 203 0
4 0 0 199 197 0 0 0 199 204 194 0 0 0 197 199 192 0 0 86 194 196 189 0 0 0 190 197 196 0 0 0 186 198 189 0 0 0 0 0 0 0 0 0 0 0 0 0 0 0 0 3 0 0 0 0 0 3 0 0 0 0 0 2 0 0 0 0 0 0 0 0 0 199 204 0 197 199 0 191 198 0 0 0 0 0 0 0 0 0 0 204 197 198 196 0 0 0 0 204 198 0 0 204 197 0 0 204 0
4 0 0 208 199 0 0 0 203 208 196 0 0 0 201 203 197 0 0 0 199 199 194 0 0 0 197 204 198 0 0 0 191 201 196 0 0 0 0 0 0 0 0 0 0 0 0 0 0 0 0 2 0 0 0 0 0 2 0 0 0 0 0 0 0 0 0 0 0 0 0 0 0 203 208 0 201 203 0 197 204 0 0 0 0 0 0 0 0 0 0 208 199 204 198 0 0 0 0 208 204 0 0 208 199 0 0 208 0
4 0 204 205 199 0 0 0 208 208 201 0 0 0 203 203 201 0 0 0 199 201 194 0 0 0 203 206 203 0 0 239 194 204 196 0 0 0 0 0 0 0 0 0 0 14 0 0 0 0 0 2 0 0 0 0 0 1 0 0 0 0 0 3 0 0 0 0 0 0 0 0 0 208 208 0 203 203 0 239 206 0 0 0 0 0 0 0 0 0 0 208 201 239 203 0 0 0 0 208 239 0 0 239 203 0 0 239 0
4 0 203 204 199 0 0 0 206 208 199 0 0 0 199 201 198 0 0 0 198 199 194 0 0 0 194 206 205 0 0 0 191 201 195 0 0 0 0 0 0 0 0 0 0 12 0 0 0 0 0 3 0 0 0 0 0 2 0 0 0 0 0 3 0 0 0 0 0 0 0 0 0 206 208 0 199 201 0 194 206 0 0 0 0 0 0 0 0 0 0 208 199 206 205 0 0 0 0 208 206 0 0 208 205 0 0 208 0
4 0 208 208 208 0 0 0 212 212 203 0 0 0 206 206 203 0 0 0 201 203 199 0 0 0 199 206 202 0 0 0 195 204 196 0 0 0 0 0 0 0 0 0 0 10 0 0 0 0 0 2 0 0 0 0 0 1 0 0 0 0 0 0 0 0 0 0 0 0 0 0 0 212 212 0 206 206 0 199 206 0 0 0 0 0 0 0 0 0 0 212 208 206 202 0 0 0 0 212 206 0 0 212 208 0 0 212 0
4 0 0 211 211 0 0 0 211 217 208 0 0 0 206 211 204 0 0 0 204 208 203 0 0 0 206 210 208 0 0 95 199 205 199 0 0 0 0 0 0 0 0 0 0 0 0 0 0 0 0 3 0 0 0 0 0 1 0 0 0 0 0 0 0 0 0 0 0 0 0 0 0 211 217 0 208 211 0 206 210 0 0 0 0 0 0 0 0 0 0 217 211 210 208 0 0 0 0 217 210 0 0 217 211 0 0 217 0
4 0 0 213 208 0 0 0 215 215 208 0 0 0 211 212 208 0 0 0 208 212 203 0 0 0 205 213 208 0 0 0 201 211 201 0 0 0 0 0 0 0 0 0 0 0 0 0 0 0 0 3 0 0 0 0 0 3 0 0 0 0 0 0 0 0 0 0 0 0 0 0 0 215 215 0 211 212 0 208 213 0 0 0 0 0 0 0 0 0 0 215 208 213 208 0 0 0 0 215 213 0 0 215 208 0 0 215 0
4 0 0 220 215 0 0 0 220 222 212 0 0 0 213 215 208 0 0 0 211 212 208 0 0 0 208 215 212 0 0 0 206 225 206 0 0 0 0 0 0 0 0 0 0 0 0 0 0 0 0 2 0 0 0 0 0 2 0 0 0 0 0 1 0 0 0 0 0 0 0 0 0 220 222 0 213 215 0 208 225 0 0 0 0 0 0 0 0 0 0 222 215 225 212 0 0 0 0 222 225 0 0 225 215 0 0 225 0
4 0 0 215 218 0 0 0 0 212 215 215 0 0 0 212 211 211 0 0 0 211 215 208 0 0 0 220 220 208 0 249 0 222 229 0 251 0 0 0 0 0 0 0 0 0 0 0 0 0 0 0 2 0 0 0 0 0 2 0 0 0 0 0 0 0 0 0 0 0 0 0 0 0 218 212 0 215 211 249 229 251 0 0 0 0 0 0 0 0 0 215 218 249 251 0 0 0 0 218 251 0 0 249 251 0 0 251 0
4 0 0 229 233 0 0 0 0 226 232 0 0 0 0 222 224 220 0 0 0 222 222 218 0 0 0 231 227 210 0 0 0 238 239 0 0 0 0 0 0 0 0 0 0 0 0 0 0 0 0 0 0 0 0 0 0 0 2 0 0 0 0 0 0 0 0 0 0 0 0 0 0 0 233 0 0 224 220 0 239 251 0 0 0 0 0 0 0 0 0 229 233 238 251 0 0 0 0 233 251 0 0 238 251 0 0 251 0
4 0 0 220 202 0 0 0 0 222 208 0 0 0 0 224 203 0 0 0 0 227 208 0 0 0 0 223 208 0 0 245 0 226 211 0 251 0 0 0 0 0 0 0 0 0 0 0 0 0 0 0 0 0 0 0 0 0 0 0 0 0 0 0 0 0 0 0 0 0 0 0 0 0 222 0 0 227 0 245 226 251 0 0 0 0 0 0 0 0 0 224 208 245 251 0 0 0 0 224 251 0 0 245 251 0 0 251 0
4 0 0 224 222 0 0 0 0 227 220 0 0 0 0 217 220 0 0 0 0 218 220 0 0 0 0 225 220 0 0 251 0 234 232 0 251 0 0 0 0 0 0 0 0 0 0 0 0 0 0 0 0 0 0 0 0 0 0 0 0 0 0 0 0 0 0 0 0 0 0 0 0 0 227 0 0 220 0 251 234 251 0 0 0 0 0 0 0 0 0 227 220 251 251 0 0 0 0 227 251 0 0 251 251 0 0 251 0
4 0 0 218 201 0 0 0 191 218 203 0 0 247 0 222 203 0 0 247 0 218 204 0 0 0 0 218 208 0 0 245 0 225 208 0 64 0 0 0 0 0 0 0 0 0 0 0 0 0 0 0 0 0 0 0 0 0 0 0 0 0 0 0 0 0 0 0 0 0 0 0 0 191 218 0 247 222 0 245 225 64 0 0 0 0 0 0 0 0 0 247 203 247 208 0 0 0 0 247 247 0 0 247 208 0 0 247 0
4 0 0 226 225 0 0 0 226 226 226 0 0 0 220 225 224 0 0 0 218 218 220 0 0 0 213 224 224 0 0 0 212 247 218 0 0 0 0 0 0 0 0 0 0 0 0 0 0 0 0 2 0 0 0 0 0 1 0 0 0 0 0 0 0 0 0 0 0 0 0 0 0 226 226 0 220 225 0 215 247 0 0 0 0 0 0 0 0 0 0 226 226 247 224 0 0 0 0 226 247 0 0 247 226 0 0 247 0
4 0 0 217 218 0 0 0 222 222 213 0 0 0 218 217 210 0 0 0 215 215 206 0 0 0 212 220 212 0 0 0 210 217 208 0 0 0 0 0 0 0 0 0 0 0 0 0 0 0 0 3 0 0 0 0 0 2 0 0 0 0 0 0 0 0 0 0 0 0 0 0 0 222 222 0 218 217 0 212 220 0 0 0 0 0 0 0 0 0 0 222 218 220 212 0 0 0 0 222 220 0 0 222 218 0 0 222 0
4 0 0 225 215 0 0 0 225 225 213 0 0 0 217 217 210 0 0 0 215 215 208 0 0 0 213 217 213 0 0 0 208 213 206 0 0 0 0 0 0 0 0 0 0 0 0 0 0 0 0 3 0 0 0 0 0 1 0 0 0 0 0 3 0 0 0 0 0 0 0 0 0 225 225 0 217 217 0 213 217 0 0 0 0 0 0 0 0 0 0 225 215 217 213 0 0 0 0 225 217 0 0 225 215 0 0 225 0
4 0 0 213 199 0 0 0 0 220 201 0 0 0 0 218 204 0 0 0 0 218 203 0 0 0 0 218 206 0 0 0 0 224 208 0 0 0 0 0 0 0 0 0 0 0 0 0 0 0 0 0 0 0 0 0 0 0 0 0 0 0 0 0 0 0 0 0 0 0 0 0 0 0 220 0 0 218 0 0 224 247 0 0 0 0 0 0 0 0 0 220 204 224 251 0 0 0 0 220 251 0 0 224 251 0 0 251 0
4 0 0 224 222 0 0 0 0 222 217 0 0 0 0 215 215 0 0 0 0 215 218 0 0 0 0 220 217 0 0 251 0 234 230 0 247 0 0 0 0 0 0 0 0 0 0 0 0 0 0 0 0 0 0 0 0 0 0 0 0 0 0 0 0 0 0 0 0 0 0 0 0 0 224 0 0 218 0 251 234 251 0 0 0 0 0 0 0 0 0 224 220 251 251 0 0 0 0 224 251 0 0 251 251 0 0 251 0
5 0 224 229 0 0 0 0 243 241 245 0 0 0 245 245 247 123 0 0 239 245 247 123 0 0 232 233 247 127 0 0 76 234 222 151 0 0 0 0 0 0 0 0 0 0 0 0 0 0 0 1 0 0 0 0 0 0 0 0 0 0 0 0 117 0 0 0 0 0 0 0 0 243 245 0 245 247 123 232 247 149 0 0 0 0 0 0 0 0 0 245 247 245 247 0 0 0 0 247 247 0 0 245 247 0 0 247 0
5 0 0 226 0 0 0 0 239 239 241 0 0 0 241 243 247 118 0 0 233 245 247 121 0 0 225 233 245 121 0 0 0 239 227 142 0 0 0 0 0 0 0 0 0 0 0 0 0 0 0 0 0 0 0 0 0 0 31 0 0 0 0 0 111 0 0 0 0 0 0 0 0 239 241 0 241 247 121 225 245 140 0 0 0 0 0 0 0 0 0 243 247 245 247 0 0 0 0 247 247 0 0 245 247 0 0 247 0
5 0 0 227 0 0 0 0 247 239 241 0 0 0 243 241 245 119 0 0 234 245 241 119 0 0 226 238 231 121 0 0 0 239 231 146 0 0 0 0 0 0 0 0 0 0 0 0 0 0 0 0 0 0 0 0 0 0 3 0 0 0 0 0 89 0 0 0 0 0 0 0 0 247 241 0 243 245 119 226 239 146 0 0 0 0 0 0 0 0 0 247 245 245 241 0 0 0 0 247 245 0 0 247 245 0 0 247 0
5 0 217 225 0 0 0 0 239 238 236 0 0 0 239 241 247 114 0 0 238 241 247 119 0 0 234 238 247 123 0 0 0 239 232 151 0 0 0 0 0 0 0 0 0 0 0 0 0 0 0 0 0 0 0 0 0 0 33 0 0 0 0 0 110 0 0 0 0 0 0 0 0 239 238 0 239 247 119 234 247 151 0 0 0 0 0 0 0 0 0 241 247 241 247 0 0 0 0 247 247 0 0 241 247 0 0 247 0
5 0 0 227 0 0 0 0 238 241 245 0 0 0 239 243 247 120 0 0 238 245 247 123 0 0 222 234 237 125 0 0 76 239 236 153 0 0 0 0 0 0 0 0 0 0 0 0 0 0 0 0 0 0 0 0 0 0 0 0 0 0 0 0 114 0 0 0 0 0 0 0 0 238 245 0 239 247 123 222 239 153 0 0 0 0 0 0 0 0 0 245 247 245 247 0 0 0 0 247 247 0 0 245 247 0 0 247 0
5 0 0 225 0 0 0 0 239 239 241 121 0 0 245 247 247 126 0 0 245 243 247 128 0 0 227 241 245 128 0 0 0 238 232 153 0 0 0 0 0 0 0 0 0 0 0 0 0 0 0 0 0 0 0 0 0 0 34 0 0 0 0 0 79 0 0 0 0 0 0 0 0 239 241 121 245 247 128 227 245 144 0 0 0 0 0 0 0 0 0 247 247 245 247 0 0 0 0 247 247 0 0 247 247 0 0 247 0
5 0 0 231 0 0 0 0 241 241 241 0 0 0 245 247 247 126 0 0 245 245 247 130 0 0 233 232 247 128 0 0 0 236 222 154 0 0 0 0 0 0 0 0 0 0 0 0 0 0 0 0 0 0 0 0 0 0 0 0 0 0 0 0 70 0 0 0 0 0 0 0 0 241 241 0 245 247 130 233 247 153 0 0 0 0 0 0 0 0 0 247 247 245 247 0 0 0 0 247 247 0 0 247 247 0 0 247 0
5 0 0 224 0 0 0 0 241 236 239 0 0 0 241 245 247 130 0 0 239 245 247 161 0 139 239 238 247 167 0 0 0 245 232 175 0 0 0 0 0 0 0 0 0 0 0 0 0 0 0 0 0 0 0 0 0 0 0 0 0 0 0 0 61 0 0 0 0 0 0 0 0 241 239 0 241 247 161 239 247 173 0 0 0 0 0 0 0 0 0 245 247 245 247 0 0 0 0 247 247 0 0 245 247 0 0 247 0
5 0 0 222 218 0 0 0 0 234 236 0 0 0 215 218 241 133 132 0 213 220 241 171 133 0 0 218 233 173 132 248 0 231 227 173 251 0 0 0 0 0 0 0 0 0 0 0 0 0 0 0 0 0 0 0 0 0 0 0 0 0 0 0 0 126 0 0 0 0 163 0 0 0 236 0 216 241 170 248 233 251 0 0 0 0 0 0 0 0 0 234 241 248 251 0 0 0 0 241 251 0 0 248 251 0 0 251 0
5 0 0 229 227 0 0 0 0 241 239 0 0 0 0 238 245 0 0 0 234 239 232 185 149 0 0 236 227 185 139 251 0 236 224 187 251 0 0 0 0 0 0 0 0 0 0 0 0 0 0 0 0 0 0 0 0 0 0 0 0 0 0 0 0 131 0 0 0 0 0 130 0 0 241 0 234 245 185 251 236 251 0 0 0 0 0 0 0 0 0 241 245 251 251 0 0 0 0 245 251 0 0 251 251 0 0 251 0
5 0 0 229 227 0 0 0 0 241 239 0 0 0 0 238 245 0 0 0 234 239 232 185 149 0 0 236 227 185 139 251 0 236 224 187 251 0 0 0 0 0 0 0 0 0 0 0 0 0 0 0 0 0 0 0 0 0 0 0 0 0 0 0 0 131 0 0 0 0 0 130 0 0 241 0 234 245 185 251 236 251 0 0 0 0 0 0 0 0 0 241 245 251 251 0 0 0 0 245 251 0 0 251 251 0 0 251 0
5 0 0 231 224 0 0 0 233 239 241 0 0 0 234 236 239 176 0 0 234 236 233 178 149 0 234 227 226 185 149 251 0 231 220 184 140 0 0 0 0 0 0 0 0 0 0 0 0 0 0 2 0 0 0 0 0 1 1 0 0 0 0 0 0 133 0 0 0 0 0 131 0 233 241 0 234 239 178 251 231 183 0 0 0 0 0 0 0 0 0 241 239 251 251 0 0 0 0 241 251 0 0 251 251 0 0 251 0
5 0 0 218 215 0 0 0 0 233 238 0 0 0 212 218 245 140 141 0 208 212 245 177 140 0 0 220 247 176 139 251 0 234 227 176 251 0 0 0 0 0 0 0 0 0 0 0 0 0 0 0 0 0 0 0 0 0 0 0 0 0 0 0 4 132 0 0 0 0 160 133 0 0 238 0 212 245 176 251 247 251 0 0 0 0 0 0 0 0 0 233 245 251 251 0 0 0 0 245 251 0 0 251 251 0 0 251 0
5 0 0 222 220 0 0 0 0 232 236 132 0 0 218 220 238 160 133 0 218 225 238 165 130 0 204 218 233 168 130 251 0 228 225 165 251 0 0 0 0 0 0 0 0 0 0 0 0 0 0 0 0 0 0 0 0 0 3 125 0 0 0 0 5 125 0 0 0 0 154 0 0 0 236 132 218 238 165 251 233 251 0 0 0 0 0 0 0 0 0 232 238 251 251 0 0 0 0 238 251 0 0 251 251 0 0 251 0
5 0 0 224 0 0 0 0 241 245 245 0 0 0 245 245 247 123 0 0 245 243 247 128 0 0 239 241 247 130 0 0 0 247 233 153 0 0 0 0 0 0 0 0 0 0 0 0 0 0 0 0 0 0 0 0 0 0 0 0 0 0 0 0 66 0 0 0 0 0 119 0 0 241 245 0 245 247 128 239 247 153 0 0 0 0 0 0 0 0 0 247 247 247 247 0 0 0 0 247 247 0 0 247 247 0 0 247 0
5 0 0 229 0 0 0 0 247 245 239 123 0 0 247 247 247 126 0 0 245 241 247 128 0 0 234 245 241 134 0 0 0 245 234 158 0 0 0 0 0 0 0 0 0 0 0 0 0 0 0 0 0 0 0 0 0 0 37 0 0 0 0 0 67 0 0 0 0 0 121 0 0 247 245 123 247 247 128 234 245 158 0 0 0 0 0 0 0 0 0 247 247 245 247 0 0 0 0 247 247 0 0 247 247 0 0 247 0
5 0 0 227 0 0 0 0 245 241 247 0 0 0 243 247 247 126 0 0 238 245 247 134 0 0 226 238 247 142 0 0 0 245 232 153 0 0 0 0 0 0 0 0 0 0 0 0 0 0 0 0 0 0 0 0 0 0 0 0 0 0 0 0 85 0 0 0 0 0 0 0 0 245 247 0 243 247 133 226 247 153 0 0 0 0 0 0 0 0 0 247 247 245 247 0 0 0 0 247 247 0 0 247 247 0 0 247 0
5 0 227 237 0 0 0 0 241 247 241 0 0 0 241 234 239 121 121 0 238 241 238 158 120 0 238 229 224 155 0 0 0 233 204 151 0 0 0 0 0 0 0 0 0 0 0 0 0 0 0 2 0 0 0 0 0 0 0 0 0 0 0 0 131 0 0 0 0 0 126 0 0 241 247 0 241 241 158 238 233 154 0 0 0 0 0 0 0 0 0 247 241 241 251 0 0 0 0 247 251 0 0 247 251 0 0 251 0
5 0 0 222 217 0 0 0 0 234 239 0 0 0 217 220 241 0 0 0 215 224 241 182 134 0 0 220 232 180 135 251 0 232 227 178 251 0 0 0 0 0 0 0 0 0 0 0 0 0 0 0 0 0 0 0 0 0 0 0 0 0 0 0 0 130 0 0 0 0 168 131 0 0 239 0 217 241 180 251 232 251 0 0 0 0 0 0 0 0 0 234 241 251 251 0 0 0 0 241 251 0 0 251 251 0 0 251 0
6 0 0 199 199 0 0 0 0 217 213 0 0 0 0 218 211 0 0 0 0 218 212 0 0 0 203 226 222 0 0 0 199 227 231 0 0 0 0 0 0 0 0 0 0 0 0 0 0 0 0 0 0 0 0 0 0 0 0 0 0 0 0 0 0 0 0 0 0 0 0 0 0 0 217 0 0 218 0 203 231 0 0 0 0 0 0 0 0 0 0 218 213 227 231 0 0 0 0 218 231 0 0 227 231 0 0 231 0
6 0 0 203 204 0 0 0 0 218 217 0 0 0 0 218 213 0 0 0 208 220 211 0 0 0 217 226 218 0 0 0 203 226 223 0 0 0 0 0 0 0 0 0 0 0 0 0 0 0 0 0 0 0 0 0 0 0 0 0 0 0 0 31 0 0 0 0 0 14 0 0 0 0 218 0 210 220 0 217 226 0 0 0 0 0 0 0 0 0 0 218 217 226 223 0 0 0 0 218 226 0 0 226 223 0 0 226 0
6 0 0 199 201 0 0 0 0 215 212 0 0 0 0 217 210 0 0 0 208 212 208 0 0 0 204 218 216 0 0 0 197 229 216 0 0 0 0 0 0 0 0 0 0 0 0 0 0 0 0 0 0 0 0 0 0 0 0 0 0 0 0 8 0 0 0 0 0 15 0 0 0 0 215 0 208 217 0 204 229 0 0 0 0 0 0 0 0 0 0 217 212 229 216 0 0 0 0 217 229 0 0 229 216 0 0 229 0
6 0 0 199 201 0 0 0 0 217 212 0 0 0 0 217 211 0 0 0 208 213 210 0 0 0 204 217 218 0 0 0 196 222 222 0 0 0 0 0 0 0 0 0 0 0 0 0 0 0 0 0 0 0 0 0 0 0 0 0 0 0 0 22 0 0 0 0 0 16 0 0 0 0 217 0 208 217 0 204 222 0 0 0 0 0 0 0 0 0 0 217 212 222 222 0 0 0 0 217 222 0 0 222 222 0 0 222 0
6 0 0 199 199 0 0 0 0 215 212 0 0 0 203 215 210 0 0 0 210 212 208 0 0 0 203 218 220 0 0 0 197 220 220 0 0 0 0 0 0 0 0 0 0 0 0 0 0 0 0 0 0 0 0 0 0 194 0 0 0 0 0 23 0 0 0 0 0 13 0 0 0 0 215 0 210 215 0 203 220 0 0 0 0 0 0 0 0 0 0 215 212 220 220 0 0 0 0 215 220 0 0 220 220 0 0 220 0
6 0 0 201 199 0 0 0 0 217 213 0 0 0 0 215 212 0 0 0 211 217 211 0 0 0 205 218 218 0 0 0 199 225 220 0 0 0 0 0 0 0 0 0 0 0 0 0 0 0 0 0 0 0 0 0 0 0 0 0 0 0 0 21 0 0 0 0 0 14 0 0 0 0 217 0 211 217 0 205 225 0 0 0 0 0 0 0 0 0 0 217 213 225 220 0 0 0 0 217 225 0 0 225 220 0 0 225 0
6 0 0 0 0 0 0 0 0 206 203 0 0 0 0 220 212 0 0 0 220 222 220 0 0 0 217 229 223 0 0 0 213 226 224 0 0 0 0 0 0 0 0 0 0 0 0 0 0 0 0 0 0 0 0 0 0 38 0 0 0 0 0 21 0 0 0 0 0 5 0 0 0 0 206 0 220 222 0 217 229 0 0 0 0 0 0 0 0 0 0 220 212 229 224 0 0 0 0 220 229 0 0 229 224 0 0 229 0
6 0 0 0 0 0 0 0 0 203 196 0 0 0 215 218 211 0 0 0 217 224 225 0 0 0 218 226 227 0 0 0 208 226 225 0 0 0 0 0 0 0 0 0 0 0 0 0 0 0 0 0 0 0 0 0 0 32 0 0 0 0 0 10 0 0 0 0 0 3 0 0 0 0 203 0 217 225 0 218 227 0 0 0 0 0 0 0 0 0 0 218 211 226 227 0 0 0 0 218 227 0 0 226 227 0 0 227 0
6 0 0 0 0 0 0 0 0 187 0 0 0 0 211 208 204 0 0 0 222 225 224 0 0 0 215 227 227 0 0 0 212 232 224 0 0 0 0 0 0 0 0 0 0 0 0 0 0 0 0 0 0 0 0 0 0 192 0 0 0 0 0 21 0 0 0 0 0 4 0 0 0 0 187 0 222 225 0 215 232 0 0 0 0 0 0 0 0 0 0 211 204 232 227 0 0 0 0 211 232 0 0 232 227 0 0 232 0
6 0 0 0 0 0 0 0 0 199 197 0 0 0 215 213 211 0 0 0 222 226 220 0 0 0 217 224 222 0 0 0 208 225 210 0 0 0 0 0 0 0 0 0 0 0 0 0 0 0 0 0 0 0 0 0 0 36 0 0 0 0 0 18 0 0 0 0 0 1 0 0 0 0 199 0 222 226 0 217 225 0 0 0 0 0 0 0 0 0 0 215 211 226 222 0 0 0 0 215 226 0 0 226 222 0 0 226 0
6 0 0 204 208 0 0 0 0 229 217 0 0 0 0 231 218 0 0 0 0 234 217 0 0 0 222 239 218 0 0 0 229 231 227 0 0 0 0 0 0 0 0 0 0 0 0 0 0 0 0 0 0 0 0 0 0 0 0 0 0 0 0 0 0 0 0 0 0 0 0 0 0 0 229 0 0 234 0 229 239 0 0 0 0 0 0 0 0 0 0 231 218 239 227 0 0 0 0 231 239 0 0 239 227 0 0 239 0
6 0 0 210 217 0 0 0 0 232 224 0 0 0 0 231 220 0 0 0 224 227 218 0 0 0 224 229 220 0 0 251 222 231 220 0 251 0 0 0 0 0 0 0 0 0 0 0 0 0 0 0 0 0 0 0 0 0 0 0 0 0 0 8 0 0 0 0 0 7 0 0 0 0 232 0 225 231 0 251 231 251 0 0 0 0 0 0 0 0 0 232 224 251 251 0 0 0 0 232 251 0 0 251 251 0 0 251 0
6 0 0 211 213 0 0 0 0 226 218 0 0 0 0 234 226 0 0 0 0 239 236 0 0 0 0 247 237 0 0 245 0 232 233 0 0 0 0 0 0 0 0 0 0 0 0 0 0 0 0 0 0 0 0 0 0 0 0 0 0 0 0 0 0 0 0 0 0 0 0 0 0 0 226 0 0 239 0 245 247 0 0 0 0 0 0 0 0 0 0 234 226 247 251 0 0 0 0 234 251 0 0 247 251 0 0 251 0
6 0 0 190 194 0 0 0 0 208 199 0 0 0 0 216 203 0 0 0 0 222 208 0 0 0 212 224 209 0 0 251 210 225 206 0 251 0 0 0 0 0 0 0 0 0 0 0 0 0 0 0 0 0 0 0 0 0 0 0 0 0 0 0 0 0 0 0 0 5 0 0 0 0 208 0 0 222 0 251 225 251 0 0 0 0 0 0 0 0 0 216 203 251 251 0 0 0 0 216 251 0 0 251 251 0 0 251 0
6 0 0 0 0 0 0 0 0 194 194 0 0 0 208 211 213 0 0 0 211 222 220 0 0 0 208 234 229 0 0 0 208 229 208 0 0 0 0 0 0 0 0 0 0 0 0 0 0 0 0 0 0 0 0 0 0 24 0 0 0 0 0 5 0 0 0 0 0 7 0 0 0 0 194 0 211 222 0 208 234 0 0 0 0 0 0 0 0 0 0 211 213 234 229 0 0 0 0 213 234 0 0 234 229 0 0 234 0
6 0 0 0 0 0 0 0 0 206 208 0 0 0 215 215 215 0 0 0 215 224 213 0 0 0 208 231 227 0 0 0 211 229 220 0 0 0 0 0 0 0 0 0 0 0 0 0 0 0 0 0 0 0 0 0 0 33 0 0 0 0 0 21 0 0 0 0 0 3 0 0 0 0 208 0 215 224 0 211 231 0 0 0 0 0 0 0 0 0 0 215 215 231 227 0 0 0 0 215 231 0 0 231 227 0 0 231 0
6 0 0 0 0 0 0 0 0 194 191 0 0 0 211 210 208 0 0 0 212 222 218 0 0 0 212 232 227 0 0 0 202 231 231 0 0 0 0 0 0 0 0 0 0 0 0 0 0 0 0 0 0 0 0 0 0 30 0 0 0 0 0 13 0 0 0 0 0 0 0 0 0 0 194 0 212 222 0 212 232 0 0 0 0 0 0 0 0 0 0 211 208 232 231 0 0 0 0 211 232 0 0 232 231 0 0 232 0
6 0 0 210 215 0 0 0 0 226 220 0 0 0 0 233 229 0 0 0 0 239 232 0 0 0 0 241 236 0 0 0 0 236 238 0 0 0 0 0 0 0 0 0 0 0 0 0 0 0 0 0 0 0 0 0 0 0 0 0 0 0 0 0 0 0 0 0 0 0 0 0 0 0 226 0 0 239 0 0 241 0 0 0 0 0 0 0 0 0 0 233 229 241 249 0 0 0 0 233 249 0 0 241 249 0 0 249 0
6 0 0 208 215 0 0 0 0 233 220 0 0 0 0 233 217 0 0 0 0 231 215 0 0 0 222 239 215 0 0 249 227 236 218 0 251 0 0 0 0 0 0 0 0 0 0 0 0 0 0 0 0 0 0 0 0 0 0 0 0 0 0 0 0 0 0 0 0 7 0 0 0 0 233 0 0 233 0 249 239 251 0 0 0 0 0 0 0 0 0 233 220 249 251 0 0 0 0 233 251 0 0 249 251 0 0 251 0
7 215 217 213 208 208 205 206 220 220 218 208 198 203 220 217 218 204 196 192 213 213 213 191 190 0 215 208 208 0 0 247 214 215 202 0 0 0 0 0 0 0 0 0 197 0 0 0 0 0 0 4 0 0 0 0 0 2 0 0 0 0 0 0 0 0 0 0 0 0 0 0 0 220 220 208 220 218 204 247 215 0 0 0 0 0 0 0 0 0 0 220 218 247 211 0 0 0 0 220 247 0 0 247 218 0 0 247 0
7 210 213 215 217 220 217 199 220 225 229 215 206 198 224 225 224 210 201 196 217 224 217 201 0 194 217 215 212 196 0 247 216 222 208 0 0 0 0 0 0 0 0 0 192 0 0 0 0 0 0 0 15 0 0 0 0 0 0 0 0 0 0 0 0 0 0 0 0 9 0 0 0 220 229 220 224 225 210 247 222 196 0 0 0 0 0 0 0 0 0 225 229 247 215 0 0 0 0 229 247 0 0 247 229 0 0 247 0
7 206 213 215 222 222 215 201 220 227 226 218 212 201 225 225 229 215 210 199 220 220 217 211 0 191 212 215 215 204 0 247 217 243 210 0 0 0 0 0 0 0 0 0 197 2 0 0 0 0 0 2 14 0 0 0 0 2 0 0 0 0 0 2 0 0 0 0 0 0 0 0 0 220 227 222 225 229 215 247 243 204 0 0 0 0 0 0 0 0 0 227 229 247 215 0 0 0 0 229 247 0 0 247 229 0 0 247 0
7 213 220 220 222 220 194 206 225 231 229 215 195 204 227 231 232 212 194 187 224 225 222 197 0 0 218 218 213 0 0 0 217 224 210 0 0 0 0 0 0 0 0 0 201 2 0 0 0 0 0 5 0 0 0 0 0 4 0 0 0 0 0 3 0 0 0 0 0 10 0 0 0 225 231 220 227 232 211 218 224 0 0 0 0 0 0 0 0 0 0 231 232 225 222 0 0 0 0 232 225 0 0 231 232 0 0 232 0
7 208 220 220 225 224 212 208 225 233 232 222 212 206 229 233 232 215 208 0 220 224 222 201 0 0 218 218 217 0 0 0 218 225 215 0 0 0 0 0 0 0 0 0 201 3 0 0 0 0 0 5 0 0 0 0 0 5 0 0 0 0 0 3 0 0 0 0 0 0 0 0 0 225 233 224 229 233 215 218 225 0 0 0 0 0 0 0 0 0 0 233 232 225 222 0 0 0 0 233 225 0 0 233 232 0 0 233 0
7 231 225 225 220 229 225 220 227 231 229 226 220 215 229 231 227 217 211 213 222 229 224 212 0 206 220 222 220 206 0 247 221 225 215 0 0 0 0 0 0 0 0 0 210 0 0 0 0 0 0 2 16 0 0 0 0 2 0 0 0 0 0 3 0 0 0 0 0 10 0 0 0 231 231 229 229 231 217 247 225 206 0 0 0 0 0 0 0 0 0 231 229 247 224 0 0 0 0 231 247 0 0 247 229 0 0 247 0
7 220 224 222 224 226 215 220 229 232 231 220 215 218 231 229 229 217 217 229 220 224 224 215 0 210 220 224 217 217 0 247 224 226 218 0 0 0 0 0 0 0 0 0 213 4 0 0 0 0 0 3 16 0 0 0 0 2 0 0 0 0 0 3 0 0 0 0 0 0 0 0 0 229 232 226 231 229 217 247 226 217 0 0 0 0 0 0 0 0 0 232 229 247 222 0 0 0 0 232 247 0 0 247 229 0 0 247 0
7 227 227 224 224 226 218 227 232 233 232 232 225 227 236 233 233 226 225 247 224 229 225 222 0 220 224 227 220 220 0 247 220 228 220 0 0 0 0 0 0 0 0 0 218 0 0 0 0 0 0 3 16 0 0 0 0 2 0 0 0 0 0 2 0 0 0 0 0 0 0 0 0 232 233 232 247 233 226 247 228 220 0 0 0 0 0 0 0 0 0 236 233 247 225 0 0 0 0 236 247 0 0 247 233 0 0 247 0
7 224 224 224 225 227 217 218 232 234 238 226 220 215 233 234 234 227 222 215 224 233 227 222 0 210 224 227 224 220 0 247 225 230 224 0 0 0 0 0 0 0 0 0 211 0 0 0 0 0 0 2 17 0 0 0 0 4 0 0 0 0 0 3 0 0 0 0 0 0 0 0 0 232 238 227 233 234 227 247 230 220 0 0 0 0 0 0 0 0 0 234 238 247 227 0 0 0 0 238 247 0 0 247 238 0 0 247 0
7 239 234 213 208 204 203 245 241 231 220 211 201 224 233 229 226 201 192 217 226 229 232 192 0 0 222 225 218 0 0 251 0 230 215 0 251 0 0 0 0 0 0 0 0 0 0 182 0 0 211 0 10 0 0 0 0 0 0 0 0 0 0 0 0 0 0 0 0 0 0 0 0 245 231 211 233 232 201 251 230 251 0 0 0 0 0 0 0 0 0 245 226 251 251 0 0 0 0 245 251 0 0 251 251 0 0 251 0
7 245 245 226 208 208 210 245 245 229 220 211 201 234 234 231 222 199 191 224 224 226 217 189 0 0 222 224 217 0 0 251 0 229 217 0 0 0 0 0 0 0 0 0 220 0 0 180 0 0 211 0 10 0 0 0 0 0 0 0 0 0 0 0 0 0 0 0 0 0 0 0 0 245 227 211 234 231 199 251 229 0 0 0 0 0 0 0 0 0 0 245 222 251 251 0 0 0 0 245 251 0 0 251 251 0 0 251 0
7 241 245 236 210 203 201 241 245 236 224 205 187 239 245 243 232 199 0 232 239 229 222 185 0 0 0 229 224 0 0 251 0 238 218 204 247 0 0 0 0 0 0 0 0 0 0 0 0 0 0 0 0 0 0 0 0 0 0 0 0 0 0 0 0 0 0 0 0 0 0 0 0 245 236 205 245 243 198 251 238 247 0 0 0 0 0 0 0 0 0 245 232 251 251 0 0 0 0 245 251 0 0 251 251 0 0 251 0
7 0 245 239 236 220 220 247 247 247 247 236 229 247 247 247 245 238 234 247 247 247 245 241 0 0 247 247 245 241 0 251 0 251 247 236 251 0 0 0 0 0 0 0 0 0 0 0 0 0 0 7 7 0 0 0 0 0 0 0 0 0 0 0 0 0 0 0 0 0 218 0 0 247 247 236 247 247 241 251 251 251 0 0 0 0 0 0 0 0 0 247 245 251 251 0 0 0 0 247 251 0 0 251 251 0 0 251 0
7 0 247 239 239 227 227 247 247 247 247 241 238 247 247 247 247 245 241 247 247 247 247 245 0 0 241 245 245 243 0 251 0 251 245 236 251 0 0 0 0 0 0 0 0 0 0 0 0 0 0 0 7 0 0 0 0 0 0 0 0 0 0 0 0 0 0 0 0 0 218 0 0 247 247 241 247 247 245 251 251 251 0 0 0 0 0 0 0 0 0 247 247 251 251 0 0 0 0 247 251 0 0 251 251 0 0 251 0
7 229 229 227 224 225 215 220 233 232 231 222 211 218 233 233 233 218 208 215 222 225 225 212 0 208 224 227 222 211 76 0 225 229 220 0 0 0 0 0 0 0 0 0 213 4 0 0 0 0 0 3 16 0 0 0 0 7 0 0 0 0 0 4 0 0 0 0 0 0 0 0 0 233 232 225 233 233 218 225 229 211 0 0 0 0 0 0 0 0 0 233 233 229 225 0 0 0 0 233 229 0 0 233 233 0 0 233 0
7 218 220 225 226 227 218 215 231 234 236 224 218 213 234 233 233 220 215 213 224 229 226 215 0 0 225 227 222 0 0 247 224 229 218 0 0 0 0 0 0 0 0 0 209 4 0 0 0 0 0 5 0 0 0 0 0 7 0 0 0 0 0 0 0 0 0 0 0 0 0 0 0 231 236 227 234 233 220 247 229 0 0 0 0 0 0 0 0 0 0 234 236 247 226 0 0 0 0 236 247 0 0 247 236 0 0 247 0
7 229 224 224 224 231 217 218 234 236 234 227 220 215 234 238 239 224 217 215 226 234 231 218 0 205 224 229 224 211 0 247 224 229 220 0 0 0 0 0 0 0 0 0 210 0 0 0 0 0 0 5 0 0 0 0 0 4 0 0 0 0 0 4 0 0 0 0 0 0 0 0 0 234 236 231 234 239 224 247 229 211 0 0 0 0 0 0 0 0 0 238 239 247 231 0 0 0 0 239 247 0 0 247 239 0 0 247 0
7 231 238 231 217 201 190 231 241 234 226 201 171 224 241 241 233 192 0 218 236 231 227 176 0 0 220 234 226 0 0 251 0 242 220 208 251 0 0 0 0 0 0 0 0 0 0 0 0 0 0 0 0 0 0 0 0 0 0 0 0 0 0 0 0 0 0 0 0 0 0 0 0 241 234 201 241 241 192 251 242 251 0 0 0 0 0 0 0 0 0 241 233 251 251 0 0 0 0 241 251 0 0 251 251 0 0 251 0
7 226 222 217 208 210 208 225 229 233 217 208 196 208 232 220 226 194 178 203 229 224 220 175 0 0 217 224 212 191 0 0 217 230 210 194 0 0 0 0 0 0 0 0 0 0 0 0 0 0 197 0 13 0 0 0 0 0 0 0 0 0 0 0 0 0 0 0 0 0 183 0 0 229 233 210 232 226 194 217 230 194 0 0 0 0 0 0 0 0 0 233 226 230 251 0 0 0 0 233 251 0 0 233 251 0 0 251 0
8 168 0 0 0 121 142 234 225 208 197 198 201 247 245 218 224 239 229 0 114 247 245 0 0 0 0 243 245 0 0 0 0 239 241 0 0 0 0 0 0 0 0 0 0 0 0 0 0 0 0 0 0 0 0 0 0 0 0 0 0 0 0 0 0 0 0 0 0 0 0 0 0 234 206 201 247 247 239 0 245 0 0 0 0 0 0 0 0 0 0 247 239 247 245 0 0 0 0 247 247 0 0 247 245 0 0 247 0
8 127 0 0 0 0 0 190 190 192 185 182 180 217 208 213 210 231 229 0 113 245 245 247 0 0 0 245 245 0 0 0 0 242 247 0 0 0 0 0 0 0 0 0 0 0 0 0 0 0 0 0 0 0 0 0 0 0 0 0 0 0 0 0 0 0 0 0 0 0 0 0 0 190 192 182 217 245 247 0 247 0 0 0 0 0 0 0 0 0 0 217 231 245 247 0 0 0 0 231 247 0 0 245 247 0 0 247 0
8 0 0 0 0 0 0 189 190 187 165 168 160 213 199 209 213 224 224 0 114 239 241 232 227 0 0 241 241 0 0 0 0 241 239 0 0 0 0 0 0 0 0 0 0 0 0 0 0 0 0 0 0 0 0 0 0 0 0 0 0 0 0 0 0 0 0 0 0 0 0 0 0 190 187 168 213 241 232 0 241 0 0 0 0 0 0 0 0 0 0 213 224 241 241 0 0 0 0 224 241 0 0 241 241 0 0 241 0
8 0 0 0 0 0 0 199 191 183 180 171 180 212 205 206 205 220 217 0 116 234 241 0 0 0 0 234 239 0 0 0 86 236 238 0 0 0 0 0 0 0 0 0 0 0 0 0 0 0 0 0 0 0 0 0 0 0 0 0 0 0 0 0 0 0 0 0 0 0 0 0 0 199 183 180 212 241 220 86 239 0 0 0 0 0 0 0 0 0 0 212 220 238 241 0 0 0 0 220 241 0 0 238 241 0 0 241 0
8 0 0 0 0 0 0 187 184 182 183 177 177 114 197 204 208 185 183 100 154 236 234 0 0 0 111 238 238 0 0 0 0 234 234 0 0 0 0 0 0 0 0 0 0 0 0 0 0 0 0 0 0 0 0 0 0 0 0 0 0 0 0 0 0 0 0 0 0 0 0 0 0 187 183 177 197 236 185 111 238 0 0 0 0 0 0 0 0 0 0 204 208 238 238 0 0 0 0 208 238 0 0 238 238 0 0 238 0
8 165 0 0 0 158 162 215 206 203 198 198 204 123 206 217 241 199 0 0 141 245 243 0 0 0 123 241 247 0 0 0 0 245 251 238 0 0 0 0 0 0 0 0 0 0 0 0 0 0 0 0 0 0 0 0 0 0 0 0 0 0 0 0 0 0 0 0 0 0 0 0 0 215 203 204 206 245 199 123 251 238 0 0 0 0 0 0 0 0 0 217 241 245 251 0 0 0 0 241 251 0 0 245 251 0 0 251 0
8 0 0 0 0 121 123 204 201 199 192 191 187 218 212 220 229 199 199 0 127 247 247 0 0 0 0 247 247 0 0 0 0 248 247 0 0 0 0 0 0 0 0 0 0 0 0 0 0 0 0 0 0 0 0 0 0 0 0 0 0 0 0 0 0 0 0 0 0 0 0 0 0 204 199 191 218 247 199 0 248 0 0 0 0 0 0 0 0 0 0 220 229 248 247 0 0 0 0 229 248 0 0 248 247 0 0 248 0
8 0 0 0 0 0 0 194 194 196 194 187 185 227 210 217 227 198 205 0 128 245 241 0 0 0 0 239 245 0 0 0 0 245 243 0 0 0 0 0 0 0 0 0 0 0 0 0 0 0 0 0 0 0 0 0 0 0 0 0 0 0 0 0 0 0 0 0 0 0 0 0 0 194 196 187 227 245 205 0 245 0 0 0 0 0 0 0 0 0 0 227 227 245 245 0 0 0 0 227 245 0 0 245 245 0 0 245 0
8 0 0 0 0 0 0 182 190 196 197 0 0 212 212 212 203 212 208 0 208 234 236 213 215 0 0 241 241 0 0 251 0 239 241 0 251 0 0 0 0 0 0 0 0 0 0 0 0 0 0 0 0 0 0 0 0 0 0 0 0 0 0 0 0 0 0 0 0 0 0 0 0 190 197 0 212 236 215 251 241 251 0 0 0 0 0 0 0 0 0 212 212 251 251 0 0 0 0 212 251 0 0 251 251 0 0 251 0
8 0 0 177 173 0 0 0 153 192 187 0 0 169 191 201 217 163 0 171 189 241 243 158 137 0 0 241 241 128 137 0 0 239 241 0 0 0 0 0 0 0 0 0 0 0 0 0 0 0 0 0 0 0 0 0 0 0 0 0 0 0 0 0 0 0 0 0 0 0 0 0 0 153 192 0 191 243 161 0 241 137 0 0 0 0 0 0 0 0 0 201 217 241 243 0 0 0 0 217 243 0 0 241 243 0 0 243 0
8 0 0 182 178 0 0 160 187 203 198 133 0 190 201 234 227 178 156 194 194 241 232 168 167 0 0 245 241 0 0 0 0 241 247 0 0 0 0 0 0 0 0 0 0 0 0 0 0 0 0 0 0 0 0 0 0 0 0 0 0 0 0 0 0 0 0 0 0 0 0 0 0 187 203 133 201 241 176 0 247 0 0 0 0 0 0 0 0 0 0 234 227 245 247 0 0 0 0 234 247 0 0 245 247 0 0 247 0
8 0 0 180 180 0 0 173 190 199 198 146 114 187 201 222 218 171 160 0 0 239 234 156 160 0 0 241 245 0 0 251 0 245 241 0 251 0 0 0 0 0 0 0 0 0 0 0 0 0 0 0 0 0 0 0 0 0 0 0 0 0 0 0 0 0 0 0 0 0 0 0 0 190 199 146 201 239 171 251 245 251 0 0 0 0 0 0 0 0 0 222 218 251 251 0 0 0 0 222 251 0 0 251 251 0 0 251 0
8 0 0 0 0 0 0 176 178 196 199 0 0 218 232 213 210 213 199 226 239 243 241 239 220 0 0 245 241 0 0 251 0 245 245 0 247 0 0 0 0 0 0 0 0 0 0 0 0 0 167 3 0 0 0 0 0 0 0 0 0 0 0 0 0 0 0 0 0 0 0 0 0 178 199 0 239 243 239 251 245 251 0 0 0 0 0 0 0 0 0 232 213 251 251 0 0 0 0 232 251 0 0 251 251 0 0 251 0
8 0 0 0 0 0 0 194 199 198 199 151 0 222 238 226 217 220 204 0 247 245 241 247 226 0 0 247 247 0 0 251 0 245 245 0 251 0 0 0 0 0 0 0 0 0 0 0 0 0 0 2 0 0 0 0 0 0 0 0 0 0 0 0 0 0 0 0 0 0 0 0 0 199 199 151 247 245 247 251 247 251 0 0 0 0 0 0 0 0 0 238 220 251 251 0 0 0 0 238 251 0 0 251 251 0 0 251 0
8 0 0 0 0 0 107 187 189 192 187 183 180 229 225 213 217 208 215 0 107 233 238 0 0 0 0 232 238 0 0 0 0 235 233 0 0 0 0 0 0 0 0 0 0 0 0 0 0 0 0 0 0 0 0 0 0 0 0 0 0 0 0 0 0 0 0 0 0 0 0 0 0 189 192 183 229 238 215 0 238 0 0 0 0 0 0 0 0 0 0 229 217 235 238 0 0 0 0 229 238 0 0 235 238 0 0 238 0
8 0 0 0 0 0 118 191 191 194 190 185 180 231 226 220 224 204 208 0 130 238 241 0 0 0 107 239 245 0 0 0 0 233 241 0 0 0 0 0 0 0 0 0 0 0 0 0 0 0 0 0 0 0 0 0 0 0 0 0 0 0 0 0 0 0 0 0 0 0 0 0 0 191 194 185 231 241 208 107 245 0 0 0 0 0 0 0 0 0 0 231 224 239 245 0 0 0 0 231 245 0 0 239 245 0 0 245 0
8 0 0 0 0 120 132 199 199 196 196 196 194 227 225 213 220 218 224 0 113 232 234 0 0 0 0 238 241 0 0 0 0 232 234 0 0 0 0 0 0 0 0 0 0 0 0 0 0 0 0 0 0 0 0 0 0 0 0 0 0 0 0 0 0 0 0 0 0 0 0 0 0 199 196 196 227 234 224 0 241 0 0 0 0 0 0 0 0 0 0 227 224 238 241 0 0 0 0 227 241 0 0 238 241 0 0 241 0
8 0 0 0 0 0 0 192 192 190 175 180 173 241 233 209 210 217 224 0 111 238 241 0 0 0 0 238 245 0 0 0 0 231 247 0 0 0 0 0 0 0 0 0 0 0 0 0 0 0 0 0 0 0 0 0 0 0 0 0 0 0 0 0 0 0 0 0 0 0 0 0 0 192 190 180 241 241 224 0 247 0 0 0 0 0 0 0 0 0 0 241 224 239 247 0 0 0 0 241 247 0 0 241 247 0 0 247 0
9 0 0 149 149 0 0 0 133 158 158 0 0 0 146 160 160 0 0 0 148 161 160 102 0 78 144 161 158 113 0 82 139 168 160 119 0 0 0 0 0 0 0 0 0 0 0 0 0 0 0 131 0 0 0 0 0 99 0 0 0 0 0 78 0 0 0 0 0 0 38 0 0 133 158 0 149 161 0 144 168 114 0 0 0 0 0 0 0 0 0 160 160 168 160 0 0 0 0 160 168 0 0 168 160 0 0 168 0
9 0 0 137 137 0 0 0 119 151 149 0 0 0 132 149 151 0 0 0 132 149 151 106 0 64 126 149 151 109 0 77 112 163 163 99 0 0 0 0 0 0 0 0 0 0 0 0 0 0 0 116 0 0 0 0 0 123 0 0 0 0 0 111 67 0 0 0 59 100 62 0 0 119 151 0 132 151 0 126 163 106 0 0 0 0 0 0 0 62 0 151 151 163 163 0 0 0 0 151 163 0 0 163 163 0 0 163 0
9 0 0 140 142 0 0 0 133 149 149 0 0 0 137 149 153 0 0 76 139 147 154 0 0 84 128 144 144 102 0 83 125 151 152 118 0 0 0 0 0 0 0 0 0 0 0 0 0 0 0 97 0 0 0 0 0 99 0 0 0 0 66 73 0 0 0 0 73 80 54 0 0 133 149 0 139 154 0 131 152 118 0 0 0 0 0 0 0 0 0 149 153 151 154 0 0 0 0 153 154 0 0 151 154 0 0 154 0
9 0 0 139 140 0 0 0 126 146 144 0 0 0 135 146 148 0 0 73 135 144 148 116 0 82 128 141 142 123 0 78 120 153 151 121 0 0 0 0 0 0 0 0 0 0 0 0 0 0 0 123 0 0 0 0 0 117 0 0 0 0 0 77 54 0 0 0 50 83 46 0 0 126 146 0 135 148 114 128 153 116 0 0 0 0 0 0 0 46 0 146 148 153 151 0 0 0 0 148 153 0 0 153 151 0 0 153 0
9 0 0 133 134 0 0 0 125 140 140 0 0 0 133 140 142 91 0 71 135 142 142 112 0 82 126 140 142 109 0 75 119 149 151 109 0 0 0 0 0 0 0 0 0 0 0 0 0 0 0 121 0 0 0 0 0 119 0 0 0 0 57 116 47 0 0 0 68 96 0 0 0 128 140 0 135 142 109 128 151 109 0 0 0 0 0 0 0 0 0 140 142 149 151 0 0 0 0 142 151 0 0 149 151 0 0 151 0
9 0 80 137 137 0 0 0 131 142 142 0 0 75 137 142 142 0 0 83 139 142 141 102 0 86 130 137 137 107 0 80 123 149 150 109 0 0 0 0 0 0 0 0 0 60 0 0 0 0 0 128 0 0 0 0 67 112 0 0 0 0 74 75 50 0 0 0 68 85 47 0 0 135 142 0 139 142 98 130 150 107 0 0 0 0 0 0 0 47 0 142 142 149 150 0 0 0 0 142 150 0 0 149 150 0 0 150 0
9 0 68 140 139 0 0 0 123 144 146 0 0 73 130 146 147 0 0 78 132 144 147 109 0 83 121 141 142 109 0 83 116 151 154 118 0 0 0 0 0 0 0 0 0 0 0 0 0 0 0 119 0 0 0 0 0 123 0 0 0 0 71 78 52 0 0 0 73 89 47 0 0 123 146 0 132 147 102 125 154 111 0 0 0 0 0 0 0 47 0 146 147 151 154 0 0 0 0 147 154 0 0 151 154 0 0 154 0
9 0 0 142 142 0 0 0 0 154 151 0 0 0 128 151 151 0 0 0 130 151 151 126 0 82 123 146 147 130 0 82 118 154 157 123 0 0 0 0 0 0 0 0 0 0 0 0 0 0 0 0 0 0 0 0 0 92 74 0 0 0 0 79 64 0 0 0 74 79 53 0 0 0 154 0 130 151 123 123 157 125 0 0 0 0 0 0 0 53 0 154 151 154 157 0 0 0 0 154 157 0 0 154 157 0 0 157 0
9 0 0 144 144 0 0 0 0 154 151 0 0 0 123 153 155 0 0 0 123 154 154 126 0 0 120 151 151 127 0 80 111 160 165 123 0 0 0 0 0 0 0 0 0 0 0 0 0 0 0 0 0 0 0 0 0 116 75 0 0 0 0 95 62 0 0 0 0 98 50 0 0 0 154 0 128 155 123 120 165 125 0 0 0 0 0 0 0 50 0 154 155 160 165 0 0 0 0 155 165 0 0 160 165 0 0 165 0
9 0 0 146 147 0 0 0 0 155 154 0 0 0 128 156 155 0 0 0 130 153 156 130 0 0 127 149 151 132 0 82 125 156 158 128 0 0 0 0 0 0 0 0 0 0 0 0 0 0 0 0 0 0 0 0 0 121 0 0 0 0 0 89 73 0 0 0 0 66 57 0 0 0 155 0 133 156 128 128 158 128 0 0 0 0 0 0 0 57 0 156 155 156 158 0 0 0 0 156 158 0 0 156 158 0 0 158 0
9 0 0 139 141 0 0 0 0 148 149 0 0 0 123 151 153 0 0 0 123 149 153 142 0 62 120 151 153 142 0 75 107 164 164 130 0 0 0 0 0 0 0 0 0 0 0 0 0 0 0 0 0 0 0 0 0 114 69 0 0 0 0 105 69 0 0 0 50 93 53 0 0 0 149 0 123 153 142 120 164 140 0 0 0 0 0 0 0 53 0 151 153 164 164 0 0 0 0 153 164 0 0 164 164 0 0 164 0
9 0 0 0 0 0 0 0 0 162 158 0 0 0 0 167 163 0 0 0 0 163 162 0 0 0 0 160 158 133 0 0 87 149 153 128 0 0 0 0 0 0 0 0 0 0 0 0 0 0 0 0 0 0 0 0 0 0 0 0 0 0 0 0 0 0 0 0 0 0 62 0 0 0 162 0 0 167 0 87 160 130 0 0 0 0 0 0 0 0 0 167 163 163 162 0 0 0 0 167 163 0 0 167 163 0 0 167 0
9 0 0 0 0 0 0 0 0 155 153 0 0 0 0 160 160 0 0 0 0 160 160 0 0 0 0 163 161 146 0 0 0 153 154 134 0 0 0 0 0 0 0 0 0 0 0 0 0 0 0 0 0 0 0 0 0 0 0 0 0 0 0 0 0 0 0 0 0 0 59 0 0 0 155 0 0 160 0 0 163 141 0 0 0 0 0 0 0 0 0 160 160 163 161 0 0 0 0 160 163 0 0 163 161 0 0 163 0
9 0 0 0 0 0 0 0 0 154 151 0 0 0 0 158 160 0 0 0 0 158 160 151 0 0 0 156 154 142 0 0 0 150 153 133 0 0 0 0 0 0 0 0 0 0 0 0 0 0 0 0 0 0 0 0 0 0 0 0 0 0 0 0 83 0 0 0 0 0 81 0 0 0 154 0 0 160 151 0 156 141 0 0 0 0 0 0 0 0 0 158 160 158 160 0 0 0 0 160 160 0 0 158 160 0 0 160 0
9 0 0 142 144 0 0 0 0 154 153 0 0 0 123 155 158 116 0 0 128 158 160 141 0 0 121 155 154 137 0 70 112 165 167 133 0 0 0 0 0 0 0 0 0 0 0 0 0 0 0 0 0 0 0 0 0 118 0 0 0 0 0 109 64 0 0 0 0 0 48 0 0 0 154 0 128 160 140 121 167 133 0 0 0 0 0 0 0 0 0 155 158 165 167 0 0 0 0 158 167 0 0 165 167 0 0 167 0
9 0 0 141 142 0 0 0 0 151 151 0 0 0 126 151 153 0 0 0 126 151 151 128 0 0 121 146 147 127 0 75 116 154 150 126 0 0 0 0 0 0 0 0 0 0 0 0 0 0 0 0 0 0 0 0 0 90 0 0 0 0 0 83 69 0 0 0 0 78 53 0 0 0 151 0 126 153 123 121 154 127 0 0 0 0 0 0 0 53 0 151 153 154 151 0 0 0 0 153 154 0 0 154 153 0 0 154 0
9 0 0 0 0 0 0 0 0 148 151 0 0 0 0 158 162 0 0 0 0 158 160 0 0 0 0 160 158 109 0 0 90 151 156 123 0 0 0 0 0 0 0 0 0 0 0 0 0 0 0 0 0 0 0 0 0 0 0 0 0 0 0 0 0 0 0 0 0 0 57 0 0 0 151 0 0 162 0 90 160 121 0 0 0 0 0 0 0 0 0 158 162 160 160 0 0 0 0 162 160 0 0 160 162 0 0 162 0
9 0 0 137 140 0 0 0 0 148 147 0 0 0 121 149 149 112 0 0 126 149 149 128 0 0 116 148 147 130 0 78 113 158 160 128 0 0 0 0 0 0 0 0 0 0 0 0 0 0 0 0 0 0 0 0 0 114 76 0 0 0 0 111 61 0 0 0 0 89 48 0 0 0 148 0 126 149 126 121 160 126 0 0 0 0 0 0 0 48 0 149 149 158 160 0 0 0 0 149 160 0 0 158 160 0 0 160 0
10 0 226 227 204 198 0 0 220 245 231 203 0 0 245 247 234 0 0 0 241 247 234 0 0 0 233 239 220 0 0 0 0 238 218 0 0 0 0 180 0 0 0 0 0 0 0 0 0 0 0 0 0 0 0 0 0 0 0 0 0 0 0 0 0 0 0 0 0 0 0 0 0 226 245 199 245 247 0 234 239 0 0 0 0 0 0 0 0 0 0 247 234 247 234 0 0 0 0 247 247 0 0 247 234 0 0 247 0
10 0 227 227 217 212 0 0 233 245 234 215 0 0 241 247 236 0 0 0 233 247 229 0 0 0 233 234 222 0 0 0 0 238 228 0 0 0 0 0 0 0 0 0 0 0 0 0 0 0 0 0 0 0 0 0 0 0 0 0 0 0 0 0 0 0 0 0 0 0 0 0 0 233 245 215 241 247 0 233 238 0 0 0 0 0 0 0 0 0 0 247 236 247 229 0 0 0 0 247 247 0 0 247 236 0 0 247 0
10 0 222 232 208 199 192 0 238 245 239 217 199 0 247 247 239 215 204 0 241 243 234 0 0 0 229 232 226 0 184 0 0 235 229 0 0 0 0 0 0 0 0 0 0 0 5 0 0 0 0 0 0 0 0 0 0 0 0 0 0 0 0 0 0 0 0 0 0 0 0 0 0 238 245 215 247 247 215 229 235 184 0 0 0 0 0 0 0 0 0 247 239 243 234 0 0 0 0 247 243 0 0 247 239 0 0 247 0
10 0 215 227 205 199 187 0 247 245 241 220 198 0 236 247 241 222 208 0 232 243 239 0 208 0 226 234 225 0 0 0 0 234 229 0 0 0 0 180 0 0 0 0 0 0 7 0 0 0 0 0 0 0 0 0 0 0 0 0 0 0 0 0 0 0 0 0 0 0 0 0 0 247 245 218 236 247 222 232 234 0 0 0 0 0 0 0 0 0 0 247 241 243 239 0 0 0 0 247 243 0 0 247 241 0 0 247 0
10 0 215 232 209 198 187 0 239 245 238 213 198 0 247 247 241 215 199 0 241 241 233 0 0 0 229 232 227 0 0 0 0 236 228 0 0 0 0 0 0 0 0 0 0 0 3 0 0 0 0 0 0 0 0 0 0 0 0 0 0 0 0 0 0 0 0 0 0 0 0 0 0 239 245 212 247 247 215 229 236 0 0 0 0 0 0 0 0 0 0 247 241 241 233 0 0 0 0 247 241 0 0 247 241 0 0 247 0
10 0 218 232 212 213 211 0 241 245 238 224 0 0 247 247 241 0 0 0 245 247 233 0 0 0 233 238 225 0 0 0 0 233 229 0 0 0 0 0 0 0 0 0 0 0 0 0 0 0 0 0 0 0 0 0 0 0 0 0 0 0 0 0 0 0 0 0 0 0 0 0 0 241 245 224 247 247 0 233 238 0 0 0 0 0 0 0 0 0 0 247 241 247 233 0 0 0 0 247 247 0 0 247 241 0 0 247 0
10 0 220 233 217 208 0 0 245 247 241 220 208 0 247 247 245 226 215 0 245 247 236 220 0 0 234 236 231 0 0 0 0 238 229 0 0 0 0 0 0 0 0 0 0 0 0 0 0 0 0 0 0 0 0 0 0 0 0 0 0 0 0 0 0 0 0 0 0 0 0 0 0 245 247 220 247 247 226 234 238 0 0 0 0 0 0 0 0 0 0 247 245 247 233 0 0 0 0 247 247 0 0 247 245 0 0 247 0
10 0 222 227 205 194 0 0 241 247 236 210 192 0 247 247 241 217 199 0 241 241 238 213 199 0 234 236 227 0 0 0 0 236 228 0 0 0 0 0 0 0 0 0 0 9 9 0 0 0 0 0 0 0 0 0 0 0 0 0 0 0 0 0 0 0 0 0 0 0 0 0 0 241 247 210 247 247 217 234 236 0 0 0 0 0 0 0 0 0 0 247 241 241 238 0 0 0 0 247 241 0 0 247 241 0 0 247 0
10 0 225 229 199 182 0 0 247 245 234 199 180 0 247 247 241 210 185 126 245 243 238 203 191 0 241 237 224 0 0 0 0 236 227 0 0 0 0 0 0 0 0 0 0 3 0 0 0 0 0 0 0 0 0 0 0 0 0 0 0 0 0 0 0 0 0 0 0 0 0 0 0 247 245 199 247 247 210 241 237 0 0 0 0 0 0 0 0 0 0 247 241 245 238 0 0 0 0 247 245 0 0 247 241 0 0 247 0
10 0 203 229 227 233 234 0 0 236 232 233 0 0 0 234 224 0 0 0 0 230 222 0 0 0 0 232 231 0 0 251 0 243 224 0 0 0 0 0 2 0 0 0 0 0 0 0 0 0 0 0 0 0 0 0 0 0 0 0 0 0 0 0 0 0 0 0 0 0 0 0 0 203 236 234 0 234 0 251 243 0 0 0 0 0 0 0 0 0 0 236 234 251 251 0 0 0 0 236 251 0 0 251 251 0 0 251 0
10 0 0 227 231 215 208 0 0 239 229 222 215 0 0 236 224 0 0 0 0 232 227 0 0 0 0 232 232 0 0 0 0 239 226 0 0 0 0 0 0 194 0 0 0 0 0 0 0 0 0 0 0 0 0 0 0 0 0 0 0 0 0 0 0 0 0 0 0 0 0 0 0 0 239 222 0 236 0 0 239 0 0 0 0 0 0 0 0 0 0 239 231 239 251 0 0 0 0 239 251 0 0 239 251 0 0 251 0
10 0 0 226 229 222 220 0 0 241 232 229 226 0 0 236 225 0 0 0 0 232 222 0 0 0 0 234 229 0 0 0 0 239 225 0 0 0 0 0 0 204 0 0 0 0 0 0 0 0 0 0 0 0 0 0 0 0 0 0 0 0 0 0 0 0 0 0 0 0 0 0 0 0 241 229 0 236 0 0 239 0 0 0 0 0 0 0 0 0 0 241 232 239 229 0 0 0 0 241 239 0 0 241 232 0 0 241 0
10 0 0 231 231 212 208 0 0 245 243 220 208 0 0 247 232 0 0 0 0 239 232 0 0 0 0 238 232 0 0 251 0 247 236 0 251 0 0 0 0 0 0 0 0 0 0 0 0 0 0 0 0 0 0 0 0 0 0 0 0 0 0 0 0 0 0 0 0 0 0 0 0 0 245 220 0 247 0 251 247 251 0 0 0 0 0 0 0 0 0 247 243 251 251 0 0 0 0 247 251 0 0 251 251 0 0 251 0
10 0 0 227 225 208 194 0 0 239 238 211 0 0 0 239 227 0 0 0 0 231 224 0 0 0 0 234 227 0 0 251 0 235 231 0 251 0 0 0 2 0 0 0 0 0 0 0 0 0 0 0 0 0 0 0 0 0 0 0 0 0 0 0 0 0 0 0 0 0 0 0 0 0 239 211 0 239 0 251 235 251 0 0 0 0 0 0 0 0 0 239 238 251 251 0 0 0 0 239 251 0 0 251 251 0 0 251 0
10 0 0 229 227 206 0 0 0 241 238 208 0 0 0 241 227 0 0 0 0 233 224 0 0 0 0 232 226 0 0 251 0 237 229 0 251 0 0 0 1 0 0 0 0 0 0 0 0 0 0 0 0 0 0 0 0 0 0 0 0 0 0 0 0 0 0 0 0 0 0 0 0 0 241 208 0 241 0 251 237 251 0 0 0 0 0 0 0 0 0 241 236 251 251 0 0 0 0 241 251 0 0 251 251 0 0 251 0
10 0 220 226 225 184 174 0 218 247 234 201 177 0 241 247 232 205 175 0 241 247 229 0 0 0 239 241 218 0 0 0 0 231 218 0 0 0 0 173 169 0 0 0 0 0 12 171 0 0 0 0 0 0 0 0 0 0 0 0 0 0 0 0 0 0 0 0 0 0 0 0 0 220 247 201 245 247 204 239 241 0 0 0 0 0 0 0 0 0 0 247 234 247 229 0 0 0 0 247 247 0 0 247 234 0 0 247 0
10 0 215 226 197 184 0 0 238 245 231 197 180 0 247 247 234 208 187 0 239 237 218 205 190 0 229 229 222 0 0 0 226 236 0 0 0 0 0 0 0 0 0 0 0 7 11 0 0 0 0 0 0 0 0 0 0 0 0 0 0 0 0 0 0 0 0 0 0 0 0 0 0 238 245 196 247 247 208 229 236 0 0 0 0 0 0 0 0 0 0 247 234 239 222 0 0 0 0 247 239 0 0 247 234 0 0 247 0
10 0 217 227 199 180 0 0 236 245 233 196 178 0 247 245 236 208 184 239 238 245 234 208 189 0 229 230 224 199 0 0 222 233 0 0 0 0 0 0 0 0 0 0 0 10 180 0 0 0 0 0 0 0 0 0 0 0 0 0 0 0 0 0 0 0 0 0 0 0 0 0 0 239 245 196 247 245 206 229 233 199 0 0 0 0 0 0 0 0 0 247 236 245 234 0 0 0 0 247 245 0 0 247 236 0 0 247 0
10 0 0 225 227 215 208 0 0 237 227 222 213 0 0 234 220 213 0 0 0 233 231 213 0 0 0 231 229 0 0 0 0 241 227 0 226 0 0 0 0 188 0 0 0 0 0 0 0 0 0 0 0 0 0 0 0 0 0 0 0 0 0 0 0 0 0 0 0 0 0 0 0 0 237 222 0 234 213 0 241 226 0 0 0 0 0 0 0 0 0 237 227 241 251 0 0 0 0 237 251 0 0 241 251 0 0 251 0