1 0.00247238 4.68609e-007 8.26551e-012 3.21163e-011 5.07387e-022 2.11721e-014 1.27926e-022 0.00247238 4.68609e-007 8.26551e-012 3.21163e-011 5.07387e-022 2.11721e-014 1.27926e-022
1 0.00251486 4.74406e-007 6.68671e-012 2.28973e-011 2.76179e-022 1.577e-014 -6.32271e-023 0.00251486 4.74406e-007 6.68671e-012 2.28973e-011 2.76179e-022 1.577e-014 -6.32271e-023
1 0.00254286 4.80801e-007 3.96167e-012 1.48607e-011 1.12421e-022 1.02802e-014 -1.90577e-023 0.00254286 4.80801e-007 3.96167e-012 1.48607e-011 1.12421e-022 1.02802e-014 -1.90577e-023
1 0.00257816 4.96609e-007 2.86019e-012 7.03435e-012 3.10088e-023 4.93941e-015 -5.83222e-024 0.00257816 4.96609e-007 2.86019e-012 7.03435e-012 3.10088e-023 4.93941e-015 -5.83222e-024
1 0.00255554 4.96758e-007 4.30525e-012 1.67727e-011 1.38773e-022 1.07639e-014 3.2506e-023 0.00255554 4.96758e-007 4.30525e-012 1.67727e-011 1.38773e-022 1.07639e-014 3.2506e-023
1 0.00253368 4.88749e-007 2.98056e-012 1.1618e-011 4.41395e-023 3.49973e-015 5.22086e-023 0.00253368 4.88749e-007 2.98056e-012 1.1618e-011 4.41395e-023 3.49973e-015 5.22086e-023
1 0.00248467 4.75169e-007 2.60221e-012 1.65473e-011 1.07872e-022 1.13691e-014 -1.24058e-023 0.00248467 4.75169e-007 2.60221e-012 1.65473e-011 1.07872e-022 1.13691e-014 -1.24058e-023
1 0.00249686 4.63241e-007 4.03581e-012 1.07719e-011 4.02037e-023 3.19944e-015 5.85498e-023 0.00249686 4.63241e-007 4.03581e-012 1.07719e-011 4.02037e-023 3.19944e-015 5.85498e-023
1 0.00243099 4.39537e-007 5.53533e-012 2.5206e-011 2.89359e-022 1.54853e-014 7.01194e-023 0.00243099 4.39537e-007 5.53533e-012 2.5206e-011 2.89359e-022 1.54853e-014 7.01194e-023
1 0.00380579 9.24058e-007 2.80708e-011 7.30509e-011 -3.16549e-021 -6.76956e-014 9.60495e-022 0.00380579 9.24058e-007 2.80708e-011 7.30509e-011 -3.16549e-021 -6.76956e-014 9.60495e-022
1 0.00379951 6.27288e-007 1.41335e-010 2.70426e-010 1.7721e-020 2.67959e-014 4.98102e-020 0.00379951 6.27288e-007 1.41335e-010 2.70426e-010 1.7721e-020 2.67959e-014 4.98102e-020
1 0.00390157 9.06604e-007 2.3625e-010 4.83301e-010 8.1088e-020 1.1931e-013 1.41756e-019 0.00390157 9.06604e-007 2.3625e-010 4.83301e-010 8.1088e-020 1.1931e-013 1.41756e-019
1 0.0036969 5.9598e-007 1.86711e-010 3.26974e-010 2.59655e-020 8.23336e-014 7.6503e-020 0.0036969 5.9598e-007 1.86711e-010 3.26974e-010 2.59655e-020 8.23336e-014 7.6503e-020
1 0.00376188 8.04903e-007 1.14055e-010 1.75856e-010 -2.3981e-020 -1.54278e-013 6.72259e-021 0.00376188 8.04903e-007 1.14055e-010 1.75856e-010 -2.3981e-020 -1.54278e-013 6.72259e-021
1 0.00247737 4.50195e-007 4.23057e-012 1.02405e-011 3.865e-023 3.06432e-015 5.52207e-023 0.00247737 4.50195e-007 4.23057e-012 1.02405e-011 3.865e-023 3.06432e-015 5.52207e-023
1 0.00249787 4.70477e-007 3.56493e-012 1.13218e-011 4.03296e-023 3.2122e-015 5.95582e-023 0.00249787 4.70477e-007 3.56493e-012 1.13218e-011 4.03296e-023 3.2122e-015 5.95582e-023
1 0.00422161 1.2011e-006 4.97974e-011 1.07664e-010 -5.23173e-021 -8.5433e-014 5.89705e-021 0.00422161 1.2011e-006 4.97974e-011 1.07664e-010 -5.23173e-021 -8.5433e-014 5.89705e-021
1 0.00253537 4.85066e-007 3.67417e-012 1.2223e-011 4.86711e-023 3.53024e-015 6.58834e-023 0.00253537 4.85066e-007 3.67417e-012 1.2223e-011 4.86711e-023 3.53024e-015 6.58834e-023
2 0.0020502 3.27242e-007 1.24998e-010 1.68415e-010 1.44083e-020 9.55912e-014 1.97358e-020 0.0020502 3.27242e-007 1.24998e-010 1.68415e-010 1.44083e-020 9.55912e-014 1.97358e-020
2 0.00210091 3.38905e-007 1.05767e-010 1.73124e-010 1.93002e-020 9.85064e-014 1.32781e-020 0.00210091 3.38905e-007 1.05767e-010 1.73124e-010 1.93002e-020 9.85064e-014 1.32781e-020
2 0.00203953 2.71033e-007 1.40783e-010 1.41802e-010 1.81316e-020 7.36546e-014 8.52433e-021 0.00203953 2.71033e-007 1.40783e-010 1.41802e-010 1.81316e-020 7.36546e-014 8.52433e-021
2 0.002084 3.21151e-007 6.49033e-011 1.22147e-010 9.2516e-021 6.56998e-014 5.71755e-021 0.002084 3.21151e-007 6.49033e-011 1.22147e-010 9.2516e-021 6.56998e-014 5.71755e-021
2 0.00210495 3.3933e-007 5.66484e-011 1.37922e-010 9.81797e-021 7.23902e-014 7.22703e-021 0.00210495 3.3933e-007 5.66484e-011 1.37922e-010 9.81797e-021 7.23902e-014 7.22703e-021
2 0.00210145 3.17922e-007 5.66184e-011 1.09084e-010 6.71306e-021 5.5898e-014 5.33168e-021 0.00210145 3.17922e-007 5.66184e-011 1.09084e-010 6.71306e-021 5.5898e-014 5.33168e-021
2 0.00217806 3.90926e-007 2.89199e-011 1.2795e-010 5.2733e-021 6.54875e-014 5.72461e-021 0.00217806 3.90926e-007 2.89199e-011 1.2795e-010 5.2733e-021 6.54875e-014 5.72461e-021
2 0.00228421 3.99079e-007 3.04701e-011 1.10716e-010 -1.41699e-021 2.85911e-014 6.27256e-021 0.00228421 3.99079e-007 3.04701e-011 1.10716e-010 -1.41699e-021 2.85911e-014 6.27256e-021
2 0.00224176 4.00518e-007 1.34421e-011 7.65389e-011 1.12053e-021 2.86291e-014 2.1844e-021 0.00224176 4.00518e-007 1.34421e-011 7.65389e-011 1.12053e-021 2.86291e-014 2.1844e-021
2 0.00320323 8.72665e-007 5.06687e-010 2.22978e-009 1.92191e-018 2.04567e-012 1.38691e-018 0.00320323 8.72665e-007 5.06687e-010 2.22978e-009 1.92191e-018 2.04567e-012 1.38691e-018
2 0.00294337 7.43186e-007 8.75275e-010 2.31079e-009 1.88765e-018 1.96998e-012 2.69014e-018 0.00294337 7.43186e-007 8.75275e-010 2.31079e-009 1.88765e-018 1.96998e-012 2.69014e-018
2 0.00293157 7.22942e-007 1.02047e-009 2.28117e-009 2.08271e-018 1.93448e-012 2.78855e-018 0.00293157 7.22942e-007 1.02047e-009 2.28117e-009 2.08271e-018 1.93448e-012 2.78855e-018
2 0.00312575 9.24833e-007 7.2236e-010 3.02377e-009 2.32119e-018 2.81225e-012 3.81878e-018 0.00312575 9.24833e-007 7.2236e-010 3.02377e-009 2.32119e-018 2.81225e-012 3.81878e-018
2 0.00320085 8.69181e-007 5.40027e-010 2.39718e-009 2.26696e-018 2.19014e-012 1.51657e-018 0.00320085 8.69181e-007 5.40027e-010 2.39718e-009 2.26696e-018 2.19014e-012 1.51657e-018
2 0.00206938 3.92677e-007 6.23342e-011 2.3295e-010 2.66765e-020 1.44742e-013 8.73746e-021 0.00206938 3.92677e-007 6.23342e-011 2.3295e-010 2.66765e-020 1.44742e-013 8.73746e-021
2 0.00217467 3.59082e-007 2.82275e-011 8.5246e-011 2.90801e-021 3.68237e-014 3.00493e-021 0.00217467 3.59082e-007 2.82275e-011 8.5246e-011 2.90801e-021 3.68237e-014 3.00493e-021
2 0.00216846 5.90132e-007 2.94452e-009 5.01771e-009 1.92059e-017 3.65513e-012 1.76792e-018 0.00216846 5.90132e-007 2.94452e-009 5.01771e-009 1.92059e-017 3.65513e-012 1.76792e-018
2 0.00320197 9.2352e-007 7.32224e-010 2.97696e-009 2.11374e-018 2.68389e-012 3.85358e-018 0.00320197 9.2352e-007 7.32224e-010 2.97696e-009 2.11374e-018 2.68389e-012 3.85358e-018
2 0.00234921 4.2621e-007 1.05909e-011 5.71766e-011 -6.00524e-022 2.24166e-015 1.27241e-021 0.00234921 4.2621e-007 1.05909e-011 5.71766e-011 -6.00524e-022 2.24166e-015 1.27241e-021
3 0.00242917 3.88911e-007 4.86725e-013 7.15e-012 -9.02234e-024 -4.25448e-015 -9.82384e-024 0.00242917 3.88911e-007 4.86725e-013 7.15e-012 -9.02234e-024 -4.25448e-015 -9.82384e-024
3 0.00241239 3.79023e-007 8.27246e-012 1.77701e-011 -2.15453e-022 -9.04153e-015 5.0847e-025 0.00241239 3.79023e-007 8.27246e-012 1.77701e-011 -2.15453e-022 -9.04153e-015 5.0847e-025
3 0.00240627 3.7823e-007 6.60328e-012 1.88287e-011 -1.9763e-022 -1.14453e-014 -7.08542e-023 0.00240627 3.7823e-007 6.60328e-012 1.88287e-011 -1.9763e-022 -1.14453e-014 -7.08542e-023
3 0.00245592 4.12441e-007 4.76738e-012 1.37239e-011 -9.6247e-023 -8.76781e-015 -5.53115e-023 0.00245592 4.12441e-007 4.76738e-012 1.37239e-011 -9.6247e-023 -8.76781e-015 -5.53115e-023
3 0.00245219 4.13749e-007 2.9731e-012 1.01697e-011 -5.26337e-023 -6.40575e-015 -1.88874e-023 0.00245219 4.13749e-007 2.9731e-012 1.01697e-011 -5.26337e-023 -6.40575e-015 -1.88874e-023
3 0.0024404 3.97178e-007 1.17996e-011 1.93881e-011 -2.74885e-022 -7.03417e-015 1.02146e-022 0.0024404 3.97178e-007 1.17996e-011 1.93881e-011 -2.74885e-022 -7.03417e-015 1.02146e-022
3 0.00238711 3.6627e-007 8.48731e-012 1.85049e-011 -2.31888e-022 -9.52596e-015 -3.0816e-024 0.00238711 3.6627e-007 8.48731e-012 1.85049e-011 -2.31888e-022 -9.52596e-015 -3.0816e-024
3 0.00243214 3.8789e-007 4.80825e-012 1.26448e-011 -7.53862e-023 -7.85689e-015 -6.35461e-023 0.00243214 3.8789e-007 4.80825e-012 1.26448e-011 -7.53862e-023 -7.85689e-015 -6.35461e-023
3 0.00244726 4.14004e-007 5.77747e-012 1.95035e-011 -2.02888e-022 -1.10668e-014 -4.12145e-023 0.00244726 4.14004e-007 5.77747e-012 1.95035e-011 -2.02888e-022 -1.10668e-014 -4.12145e-023
3 0.00419917 1.15037e-006 1.1671e-009 1.29878e-009 -9.73697e-019 8.18486e-013 1.2684e-018 0.00419917 1.15037e-006 1.1671e-009 1.29878e-009 -9.73697e-019 8.18486e-013 1.2684e-018
3 0.00389816 9.04752e-007 1.0691e-009 1.57779e-009 -6.41551e-019 1.1962e-012 1.94617e-018 0.00389816 9.04752e-007 1.0691e-009 1.57779e-009 -6.41551e-019 1.1962e-012 1.94617e-018
3 0.00369354 8.9009e-007 1.14098e-009 1.86474e-009 -7.22484e-019 1.53319e-012 2.62227e-018 0.00369354 8.9009e-007 1.14098e-009 1.86474e-009 -7.22484e-019 1.53319e-012 2.62227e-018
3 0.00387144 9.56359e-007 8.50765e-010 1.47943e-009 -5.61989e-019 1.05023e-012 1.56173e-018 0.00387144 9.56359e-007 8.50765e-010 1.47943e-009 -5.61989e-019 1.05023e-012 1.56173e-018
3 0.00393077 8.73905e-007 8.19184e-010 1.22407e-009 -6.28829e-019 6.66105e-013 1.05216e-018 0.00393077 8.73905e-007 8.19184e-010 1.22407e-009 -6.28829e-019 6.66105e-013 1.05216e-018
3 0.0024212 3.76669e-007 1.20248e-011 2.08932e-011 -3.24979e-022 -1.15326e-014 -6.37191e-023 0.0024212 3.76669e-007 1.20248e-011 2.08932e-011 -3.24979e-022 -1.15326e-014 -6.37191e-023
3 0.00235497 3.47524e-007 1.39503e-011 3.85637e-011 -8.94409e-022 -2.08927e-014 9.22686e-024 0.00235497 3.47524e-007 1.39503e-011 3.85637e-011 -8.94409e-022 -2.08927e-014 9.22686e-024
3 0.00239521 3.67458e-007 1.62143e-011 2.65275e-011 -5.48784e-022 -1.17346e-014 3.89611e-023 0.00239521 3.67458e-007 1.62143e-011 2.65275e-011 -5.48784e-022 -1.17346e-014 3.89611e-023
3 0.00400572 1.29225e-006 2.30741e-009 2.11255e-009 -1.63035e-018 2.2162e-012 4.36993e-018 0.00400572 1.29225e-006 2.30741e-009 2.11255e-009 -1.63035e-018 2.2162e-012 4.36993e-018
3 0.00388235 9.62023e-007 1.017e-009 1.58061e-009 -9.7145e-019 1.07802e-012 1.75279e-018 0.00388235 9.62023e-007 1.017e-009 1.58061e-009 -9.7145e-019 1.07802e-012 1.75279e-018
4 0.00217303 2.35856e-007 2.60673e-011 2.79313e-011 -5.05375e-022 -7.78037e-015 -5.59126e-022 0.00217303 2.35856e-007 2.60673e-011 2.79313e-011 -5.05375e-022 -7.78037e-015 -5.59126e-022
4 0.00211983 2.40714e-007 1.22074e-011 2.38059e-011 -1.78094e-022 -4.89876e-015 -3.64659e-022 0.00211983 2.40714e-007 1.22074e-011 2.38059e-011 -1.78094e-022 -4.89876e-015 -3.64659e-022
4 0.0021244 2.28379e-007 9.09085e-012 1.41544e-011 -5.09485e-023 -2.9037e-015 -1.52263e-022 0.0021244 2.28379e-007 9.09085e-012 1.41544e-011 -5.09485e-023 -2.9037e-015 -1.52263e-022
4 0.00213823 2.45208e-007 1.41937e-011 2.70278e-011 2.27423e-022 5.46722e-015 -4.78036e-022 0.00213823 2.45208e-007 1.41937e-011 2.70278e-011 2.27423e-022 5.46722e-015 -4.78036e-022
4 0.00216836 2.5119e-007 1.86607e-011 2.61964e-011 -2.49821e-022 -5.88448e-015 -5.22549e-022 0.00216836 2.5119e-007 1.86607e-011 2.61964e-011 -2.49821e-022 -5.88448e-015 -5.22549e-022
4 0.0021776 2.77932e-007 1.14582e-011 2.30283e-011 -1.92239e-024 1.6196e-015 -3.74064e-022 0.0021776 2.77932e-007 1.14582e-011 2.30283e-011 -1.92239e-024 1.6196e-015 -3.74064e-022
4 0.00220456 2.63499e-007 1.05484e-011 1.78681e-011 -6.16681e-023 -1.26025e-015 -2.37431e-022 0.00220456 2.63499e-007 1.05484e-011 1.78681e-011 -6.16681e-023 -1.26025e-015 -2.37431e-022
4 0.00220656 2.66603e-007 1.57907e-011 2.6491e-011 1.01866e-023 3.2142e-016 -5.41715e-022 0.00220656 2.66603e-007 1.57907e-011 2.6491e-011 1.01866e-023 3.2142e-016 -5.41715e-022
4 0.00220249 2.79088e-007 1.39007e-011 2.19442e-011 8.69354e-023 2.50915e-015 -3.73273e-022 0.00220249 2.79088e-007 1.39007e-011 2.19442e-011 8.69354e-023 2.50915e-015 -3.73273e-022
4 0.00278248 1.77493e-007 1.72137e-010 4.22661e-010 -1.02774e-019 -1.47751e-013 4.93431e-020 0.00278248 1.77493e-007 1.72137e-010 4.22661e-010 -1.02774e-019 -1.47751e-013 4.93431e-020
4 0.00267076 1.65537e-007 1.53168e-010 3.54142e-010 -7.29867e-020 -1.21265e-013 3.8418e-020 0.00267076 1.65537e-007 1.53168e-010 3.54142e-010 -7.29867e-020 -1.21265e-013 3.8418e-020
4 0.00280331 6.75559e-008 1.69828e-010 6.16091e-010 -1.77796e-019 -1.49247e-013 9.00144e-020 0.00280331 6.75559e-008 1.69828e-010 6.16091e-010 -1.77796e-019 -1.49247e-013 9.00144e-020
4 0.00328031 1.60569e-007 3.75493e-010 8.70123e-010 -4.97307e-019 -3.40476e-013 7.35447e-021 0.00328031 1.60569e-007 3.75493e-010 8.70123e-010 -4.97307e-019 -3.40476e-013 7.35447e-021
4 0.00247075 9.80432e-008 6.8712e-011 1.88089e-010 -1.95495e-020 -5.56496e-014 -8.66231e-021 0.00247075 9.80432e-008 6.8712e-011 1.88089e-010 -1.95495e-020 -5.56496e-014 -8.66231e-021
4 0.00224933 2.79732e-007 1.95168e-011 2.50204e-011 4.28051e-023 8.17698e-016 -5.51239e-022 0.00224933 2.79732e-007 1.95168e-011 2.50204e-011 4.28051e-023 8.17698e-016 -5.51239e-022
4 0.00227888 2.85374e-007 2.35501e-011 2.96437e-011 9.07302e-023 3.50419e-016 -7.77965e-022 0.00227888 2.85374e-007 2.35501e-011 2.96437e-011 9.07302e-023 3.50419e-016 -7.77965e-022
4 0.00222048 2.8338e-007 1.65634e-011 2.56408e-011 7.09663e-023 1.12032e-015 -5.23625e-022 0.00222048 2.8338e-007 1.65634e-011 2.56408e-011 7.09663e-023 1.12032e-015 -5.23625e-022
4 0.00259366 6.22321e-008 1.33308e-010 1.82317e-010 -2.83505e-020 -4.47205e-014 -2.025e-021 0.00259366 6.22321e-008 1.33308e-010 1.82317e-010 -2.83505e-020 -4.47205e-014 -2.025e-021
4 0.00300609 1.97355e-007 1.72093e-010 5.36701e-010 -1.62969e-019 -2.34455e-013 6.78707e-021 0.00300609 1.97355e-007 1.72093e-010 5.36701e-010 -1.62969e-019 -2.34455e-013 6.78707e-021
5 0.0021996 3.43071e-007 9.00683e-012 2.16662e-011 2.3404e-022 7.73098e-015 -1.91914e-022 0.0021996 3.43071e-007 9.00683e-012 2.16662e-011 2.3404e-022 7.73098e-015 -1.91914e-022
5 0.00217329 3.33262e-007 1.56518e-011 3.83242e-011 7.35881e-022 1.61497e-014 -5.82663e-022 0.00217329 3.33262e-007 1.56518e-011 3.83242e-011 7.35881e-022 1.61497e-014 -5.82663e-022
5 0.00220053 3.33455e-007 1.69326e-011 4.00739e-011 8.02032e-022 1.58554e-014 -6.68169e-022 0.00220053 3.33455e-007 1.69326e-011 4.00739e-011 8.02032e-022 1.58554e-014 -6.68169e-022
5 0.00220538 3.3826e-007 1.46582e-011 2.95214e-011 3.91665e-022 1.10642e-014 -4.73e-022 0.00220538 3.3826e-007 1.46582e-011 2.95214e-011 3.91665e-022 1.10642e-014 -4.73e-022
5 0.00216651 3.20837e-007 1.89991e-011 4.77033e-011 1.25789e-021 2.2013e-014 -6.92911e-022 0.00216651 3.20837e-007 1.89991e-011 4.77033e-011 1.25789e-021 2.2013e-014 -6.92911e-022
5 0.00212034 3.18984e-007 2.20985e-011 6.09022e-011 1.43583e-021 2.3709e-014 -1.7118e-021 0.00212034 3.18984e-007 2.20985e-011 6.09022e-011 1.43583e-021 2.3709e-014 -1.7118e-021
5 0.00222239 3.55734e-007 1.56988e-011 4.11255e-011 8.67549e-022 1.69225e-014 -5.82499e-022 0.00222239 3.55734e-007 1.56988e-011 4.11255e-011 8.67549e-022 1.69225e-014 -5.82499e-022
5 0.00214958 3.30911e-007 3.59865e-011 1.10419e-010 3.82524e-021 4.59405e-014 -5.8151e-021 0.00214958 3.30911e-007 3.59865e-011 1.10419e-010 3.82524e-021 4.59405e-014 -5.8151e-021
5 0.00307817 6.60578e-007 4.5697e-010 1.77721e-009 1.00236e-018 1.17731e-012 -1.24914e-018 0.00307817 6.60578e-007 4.5697e-010 1.77721e-009 1.00236e-018 1.17731e-012 -1.24914e-018
5 0.00322196 1.05323e-006 2.32171e-010 1.93117e-009 3.96921e-019 1.83996e-012 -1.23068e-018 0.00322196 1.05323e-006 2.32171e-010 1.93117e-009 3.96921e-019 1.83996e-012 -1.23068e-018
5 0.00322196 1.05323e-006 2.32171e-010 1.93117e-009 3.96921e-019 1.83996e-012 -1.23068e-018 0.00322196 1.05323e-006 2.32171e-010 1.93117e-009 3.96921e-019 1.83996e-012 -1.23068e-018
5 0.00288276 1.08573e-006 1.90992e-010 1.13449e-009 -1.55365e-019 1.1288e-012 -5.04721e-019 0.00288276 1.08573e-006 1.90992e-010 1.13449e-009 -1.55365e-019 1.1288e-012 -5.04721e-019
5 0.00301087 6.59493e-007 4.4576e-010 1.96301e-009 1.33721e-018 1.27432e-012 -1.25846e-018 0.00301087 6.59493e-007 4.4576e-010 1.96301e-009 1.33721e-018 1.27432e-012 -1.25846e-018
5 0.00264771 5.15403e-007 4.01494e-010 1.59072e-009 1.09396e-018 1.03032e-012 -6.47533e-019 0.00264771 5.15403e-007 4.01494e-010 1.59072e-009 1.09396e-018 1.03032e-012 -6.47533e-019
5 0.00217796 3.35541e-007 1.56912e-011 4.30287e-011 7.59013e-022 1.37924e-014 -8.20953e-022 0.00217796 3.35541e-007 1.56912e-011 4.30287e-011 7.59013e-022 1.37924e-014 -8.20953e-022
5 0.00213296 3.14324e-007 1.85614e-011 3.94384e-011 7.96579e-022 1.35098e-014 -7.09968e-022 0.00213296 3.14324e-007 1.85614e-011 3.94384e-011 7.96579e-022 1.35098e-014 -7.09968e-022
5 0.0021825 3.35188e-007 2.07395e-011 5.51977e-011 1.08532e-021 1.7672e-014 -1.51985e-021 0.0021825 3.35188e-007 2.07395e-011 5.51977e-011 1.08532e-021 1.7672e-014 -1.51985e-021
5 0.00311388 5.47403e-007 4.55565e-010 1.28363e-009 6.59496e-019 7.07446e-013 -7.2706e-019 0.00311388 5.47403e-007 4.55565e-010 1.28363e-009 6.59496e-019 7.07446e-013 -7.2706e-019
5 0.00308328 8.22295e-007 3.79321e-010 1.9376e-009 4.64751e-019 1.43586e-012 -1.59477e-018 0.00308328 8.22295e-007 3.79321e-010 1.9376e-009 4.64751e-019 1.43586e-012 -1.59477e-018
6 0.00416782 6.06455e-007 5.75842e-010 5.3158e-010 -1.91401e-019 -2.67938e-013 2.23303e-019 0.00416782 6.06455e-007 5.75842e-010 5.3158e-010 -1.91401e-019 -2.67938e-013 2.23303e-019
6 0.00419204 6.26056e-007 7.63232e-010 7.29184e-010 -3.19041e-019 -2.55931e-013 4.40601e-019 0.00419204 6.26056e-007 7.63232e-010 7.29184e-010 -3.19041e-019 -2.55931e-013 4.40601e-019
6 0.00432894 7.32396e-007 8.0571e-010 6.62442e-010 -1.74448e-019 -1.09768e-013 4.51428e-019 0.00432894 7.32396e-007 8.0571e-010 6.62442e-010 -1.74448e-019 -1.09768e-013 4.51428e-019
6 0.00429586 7.53953e-007 8.83466e-010 7.72758e-010 -6.0469e-020 6.5303e-014 6.3563e-019 0.00429586 7.53953e-007 8.83466e-010 7.72758e-010 -6.0469e-020 6.5303e-014 6.3563e-019
6 0.0043547 7.84316e-007 9.07484e-010 7.25815e-010 1.56675e-020 1.14717e-013 5.8885e-019 0.0043547 7.84316e-007 9.07484e-010 7.25815e-010 1.56675e-020 1.14717e-013 5.8885e-019
6 0.0044228 8.46116e-007 8.26048e-010 6.69192e-010 -2.59162e-020 4.93759e-014 4.96865e-019 0.0044228 8.46116e-007 8.26048e-010 6.69192e-010 -2.59162e-020 4.93759e-014 4.96865e-019
6 0.00409731 6.30142e-007 7.34094e-010 9.43891e-010 -2.16684e-019 -3.06968e-013 7.55234e-019 0.00409731 6.30142e-007 7.34094e-010 9.43891e-010 -2.16684e-019 -3.06968e-013 7.55234e-019
6 0.00397796 5.38937e-007 7.70941e-010 8.72831e-010 -4.32177e-019 -4.48771e-013 5.70843e-019 0.00397796 5.38937e-007 7.70941e-010 8.72831e-010 -4.32177e-019 -4.48771e-013 5.70843e-019
6 0.00429475 7.88636e-007 7.04976e-010 8.19677e-010 -3.1664e-019 -4.25976e-013 5.36639e-019 0.00429475 7.88636e-007 7.04976e-010 8.19677e-010 -3.1664e-019 -4.25976e-013 5.36639e-019
6 0.00441068 9.91643e-007 6.82541e-010 7.12912e-010 1.81257e-020 7.52004e-014 4.96969e-019 0.00441068 9.91643e-007 6.82541e-010 7.12912e-010 1.81257e-020 7.52004e-014 4.96969e-019
6 0.004499 8.22973e-007 6.00788e-010 3.35652e-010 -4.65088e-020 -1.66947e-013 1.43373e-019 0.004499 8.22973e-007 6.00788e-010 3.35652e-010 -4.65088e-020 -1.66947e-013 1.43373e-019
6 0.00446743 8.67584e-007 5.09415e-010 2.78195e-010 -4.37894e-020 -1.37281e-013 9.51331e-020 0.00446743 8.67584e-007 5.09415e-010 2.78195e-010 -4.37894e-020 -1.37281e-013 9.51331e-020
6 0.00381619 4.83737e-007 4.83624e-010 5.5427e-010 -2.14353e-019 -3.10169e-013 1.908e-019 0.00381619 4.83737e-007 4.83624e-010 5.5427e-010 -2.14353e-019 -3.10169e-013 1.908e-019
6 0.00394364 5.0114e-007 6.74007e-010 7.14586e-010 -8.81779e-020 -1.49291e-013 4.88021e-019 0.00394364 5.0114e-007 6.74007e-010 7.14586e-010 -8.81779e-020 -1.49291e-013 4.88021e-019
6 0.00477543 1.31073e-006 3.45657e-010 2.00758e-010 4.32512e-021 -2.56707e-014 5.2708e-020 0.00477543 1.31073e-006 3.45657e-010 2.00758e-010 4.32512e-021 -2.56707e-014 5.2708e-020
6 0.00433315 9.01219e-007 7.23259e-010 6.33546e-010 -1.34148e-019 -7.15619e-014 4.07338e-019 0.00433315 9.01219e-007 7.23259e-010 6.33546e-010 -1.34148e-019 -7.15619e-014 4.07338e-019
6 0.0045685 1.09563e-006 6.5705e-010 6.0689e-010 4.62302e-020 9.04543e-014 3.80436e-019 0.0045685 1.09563e-006 6.5705e-010 6.0689e-010 4.62302e-020 9.04543e-014 3.80436e-019
6 0.0038934 5.10069e-007 4.6422e-010 4.66817e-010 -1.51851e-019 -2.55663e-013 1.55452e-019 0.0038934 5.10069e-007 4.6422e-010 4.66817e-010 -1.51851e-019 -2.55663e-013 1.55452e-019
6 0.00430823 7.07635e-007 5.03311e-010 3.88869e-010 -6.06507e-020 -1.48743e-013 1.60992e-019 0.00430823 7.07635e-007 5.03311e-010 3.88869e-010 -6.06507e-020 -1.48743e-013 1.60992e-019
7 0.0021943 2.39534e-007 1.0603e-010 1.51669e-011 5.39055e-022 -6.76194e-015 2.81683e-022 0.0021943 2.39534e-007 1.0603e-010 1.51669e-011 5.39055e-022 -6.76194e-015 2.81683e-022
7 0.00181628 3.0534e-007 5.83553e-011 4.71801e-012 2.90882e-023 -1.3934e-015 7.26803e-023 0.00181628 3.0534e-007 5.83553e-011 4.71801e-012 2.90882e-023 -1.3934e-015 7.26803e-023
7 0.00197521 3.0176e-007 7.47271e-011 2.40342e-011 3.88124e-023 -8.89183e-015 -1.01781e-021 0.00197521 3.0176e-007 7.47271e-011 2.40342e-011 3.88124e-023 -8.89183e-015 -1.01781e-021
7 0.00209957 2.03177e-007 1.17127e-010 9.74772e-012 1.16453e-022 -2.76248e-015 3.08096e-022 0.00209957 2.03177e-007 1.17127e-010 9.74772e-012 1.16453e-022 -2.76248e-015 3.08096e-022
7 0.00207888 2.03033e-007 1.02e-010 1.57156e-011 4.56356e-022 -5.91403e-015 4.33186e-022 0.00207888 2.03033e-007 1.02e-010 1.57156e-011 4.56356e-022 -5.91403e-015 4.33186e-022
7 0.00185941 2.87808e-007 5.77156e-011 7.28406e-012 6.18617e-023 -3.41149e-015 -1.35936e-022 0.00185941 2.87808e-007 5.77156e-011 7.28406e-012 6.18617e-023 -3.41149e-015 -1.35936e-022
7 0.00195294 2.53351e-007 1.09021e-010 1.75593e-011 1.60432e-022 -6.77076e-015 -7.5134e-022 0.00195294 2.53351e-007 1.09021e-010 1.75593e-011 1.60432e-022 -6.77076e-015 -7.5134e-022
7 0.00196398 2.52198e-007 1.05806e-010 1.0078e-011 -1.71449e-022 -2.06861e-015 -2.80902e-022 0.00196398 2.52198e-007 1.05806e-010 1.0078e-011 -1.71449e-022 -2.06861e-015 -2.80902e-022
7 0.00195122 2.59472e-007 8.79025e-011 1.30749e-011 1.77391e-022 -5.74494e-015 -4.06215e-022 0.00195122 2.59472e-007 8.79025e-011 1.30749e-011 1.77391e-022 -5.74494e-015 -4.06215e-022
7 0.00248637 5.5983e-007 7.78684e-010 5.1679e-011 4.39617e-023 -2.93753e-014 -1.03669e-020 0.00248637 5.5983e-007 7.78684e-010 5.1679e-011 4.39617e-023 -2.93753e-014 -1.03669e-020
7 0.00237709 4.23912e-007 6.71027e-010 6.53739e-011 -2.78585e-021 -2.45234e-014 -1.34059e-020 0.00237709 4.23912e-007 6.71027e-010 6.53739e-011 -2.78585e-021 -2.45234e-014 -1.34059e-020
7 0.00247654 2.5408e-007 6.12462e-010 6.25771e-011 5.34931e-021 -2.99903e-014 -1.10212e-020 0.00247654 2.5408e-007 6.12462e-010 6.25771e-011 5.34931e-021 -2.99903e-014 -1.10212e-020
7 0.00219505 2.04735e-007 4.83855e-010 4.80591e-011 -2.97309e-021 1.77618e-014 6.69845e-021 0.00219505 2.04735e-007 4.83855e-010 4.80591e-011 -2.97309e-021 1.77618e-014 6.69845e-021
7 0.0023676 2.07736e-007 3.63137e-010 7.23285e-011 -8.50392e-021 -1.4387e-014 -8.06768e-021 0.0023676 2.07736e-007 3.63137e-010 7.23285e-011 -8.50392e-021 -1.4387e-014 -8.06768e-021
7 0.00193706 3.00579e-007 8.84349e-011 1.51343e-011 9.22623e-023 -6.43205e-015 -5.45934e-022 0.00193706 3.00579e-007 8.84349e-011 1.51343e-011 9.22623e-023 -6.43205e-015 -5.45934e-022
7 0.00206261 2.8024e-007 1.14283e-010 1.7135e-011 7.56195e-022 -8.95356e-015 -5.58783e-023 0.00206261 2.8024e-007 1.14283e-010 1.7135e-011 7.56195e-022 -8.95356e-015 -5.58783e-023
7 0.0019911 2.83368e-007 1.1379e-010 1.00267e-011 3.31806e-022 -5.3234e-015 -6.7885e-023 0.0019911 2.83368e-007 1.1379e-010 1.00267e-011 3.31806e-022 -5.3234e-015 -6.7885e-023
7 0.00243421 2.60328e-007 4.79026e-010 7.77738e-011 1.4639e-020 -2.95945e-014 3.32433e-021 0.00243421 2.60328e-007 4.79026e-010 7.77738e-011 1.4639e-020 -2.95945e-014 3.32433e-021
7 0.00246343 3.13678e-007 1.44437e-009 3.63979e-011 -8.07324e-021 3.71874e-015 2.11443e-021 0.00246343 3.13678e-007 1.44437e-009 3.63979e-011 -8.07324e-021 3.71874e-015 2.11443e-021
8 0.00245357 5.70648e-007 8.48166e-011 1.32648e-011 2.13082e-022 -7.27598e-015 -3.90588e-022 0.00245357 5.70648e-007 8.48166e-011 1.32648e-011 2.13082e-022 -7.27598e-015 -3.90588e-022
8 0.0023615 5.73953e-007 6.88499e-011 1.60879e-011 -8.68105e-023 -4.45807e-015 -5.28341e-022 0.0023615 5.73953e-007 6.88499e-011 1.60879e-011 -8.68105e-023 -4.45807e-015 -5.28341e-022
8 0.00241084 5.888e-007 3.64371e-011 7.08363e-012 -2.20966e-023 -3.17718e-015 1.11638e-022 0.00241084 5.888e-007 3.64371e-011 7.08363e-012 -2.20966e-023 -3.17718e-015 1.11638e-022
8 0.00241865 5.65637e-007 4.8751e-011 1.31628e-011 2.33972e-022 -8.44498e-015 -2.37564e-022 0.00241865 5.65637e-007 4.8751e-011 1.31628e-011 2.33972e-022 -8.44498e-015 -2.37564e-022
8 0.00228371 4.75289e-007 7.0082e-012 7.40509e-011 1.02866e-021 5.08226e-014 -1.33702e-021 0.00228371 4.75289e-007 7.0082e-012 7.40509e-011 1.02866e-021 5.08226e-014 -1.33702e-021
8 0.0023087 4.73494e-007 9.59469e-011 4.37691e-011 -2.69943e-021 1.33818e-014 8.70751e-022 0.0023087 4.73494e-007 9.59469e-011 4.37691e-011 -2.69943e-021 1.33818e-014 8.70751e-022
8 0.00232298 4.82194e-007 2.22957e-011 1.83376e-011 8.86573e-023 -6.9194e-015 3.60033e-022 0.00232298 4.82194e-007 2.22957e-011 1.83376e-011 8.86573e-023 -6.9194e-015 3.60033e-022
8 0.00232976 5.0321e-007 2.05305e-011 2.54129e-011 -5.68193e-022 1.00096e-014 -1.18754e-022 0.00232976 5.0321e-007 2.05305e-011 2.54129e-011 -5.68193e-022 1.00096e-014 -1.18754e-022
8 0.00417072 1.7367e-006 4.52341e-011 6.56891e-011 3.5652e-021 -8.44716e-014 3.33206e-022 0.00417072 1.7367e-006 4.52341e-011 6.56891e-011 3.5652e-021 -8.44716e-014 3.33206e-022
8 0.00399615 1.40812e-006 4.17126e-012 4.31778e-010 -1.50106e-020 2.81889e-013 -1.05099e-020 0.00399615 1.40812e-006 4.17126e-012 4.31778e-010 -1.50106e-020 2.81889e-013 -1.05099e-020
8 0.00381061 1.65077e-006 5.95054e-011 8.48047e-010 -1.79115e-019 3.92047e-013 6.48859e-020 0.00381061 1.65077e-006 5.95054e-011 8.48047e-010 -1.79115e-019 3.92047e-013 6.48859e-020
8 0.00371315 1.37143e-006 2.2413e-010 5.14303e-010 1.15228e-020 -2.73666e-013 1.74233e-019 0.00371315 1.37143e-006 2.2413e-010 5.14303e-010 1.15228e-020 -2.73666e-013 1.74233e-019
8 0.00332418 2.11059e-006 2.34935e-010 9.76589e-011 1.14716e-020 -1.14861e-013 -9.33919e-021 0.00332418 2.11059e-006 2.34935e-010 9.76589e-011 1.14716e-020 -1.14861e-013 -9.33919e-021
8 0.00315641 1.81707e-006 2.08212e-010 9.56944e-011 1.34889e-020 -1.25652e-013 7.1356e-022 0.00315641 1.81707e-006 2.08212e-010 9.56944e-011 1.34889e-020 -1.25652e-013 7.1356e-022
8 0.0024442 5.8083e-007 5.11636e-011 1.0877e-011 -9.97343e-023 -3.11913e-015 -2.36417e-022 0.0024442 5.8083e-007 5.11636e-011 1.0877e-011 -9.97343e-023 -3.11913e-015 -2.36417e-022
8 0.00236958 5.92473e-007 6.83179e-011 1.30846e-011 -1.20736e-022 -2.65979e-015 3.72109e-022 0.00236958 5.92473e-007 6.83179e-011 1.30846e-011 -1.20736e-022 -2.65979e-015 3.72109e-022
8 0.00247653 5.89423e-007 6.38868e-011 1.38982e-011 2.11706e-022 -8.71491e-015 -3.55935e-022 0.00247653 5.89423e-007 6.38868e-011 1.38982e-011 2.11706e-022 -8.71491e-015 -3.55935e-022
8 0.00244072 5.98297e-007 4.1195e-011 1.16802e-011 1.27237e-022 -7.03765e-015 -2.22384e-022 0.00244072 5.98297e-007 4.1195e-011 1.16802e-011 1.27237e-022 -7.03765e-015 -2.22384e-022
9 0.00252767 2.06748e-007 1.66194e-010 5.73939e-010 -6.75547e-020 1.32164e-013 1.6388e-019 0.00252767 2.06748e-007 1.66194e-010 5.73939e-010 -6.75547e-020 1.32164e-013 1.6388e-019
9 0.00262648 2.35415e-007 2.05147e-010 7.82261e-010 -1.74458e-019 1.86319e-013 2.6032e-019 0.00262648 2.35415e-007 2.05147e-010 7.82261e-010 -1.74458e-019 1.86319e-013 2.6032e-019
9 0.00235224 2.27304e-007 1.66815e-010 7.46612e-010 -1.72378e-019 2.63879e-013 1.99278e-019 0.00235224 2.27304e-007 1.66815e-010 7.46612e-010 -1.72378e-019 2.63879e-013 1.99278e-019
9 0.00224548 1.9003e-007 1.69552e-010 4.47453e-010 -1.21214e-019 1.16001e-013 2.22877e-020 0.00224548 1.9003e-007 1.69552e-010 4.47453e-010 -1.21214e-019 1.16001e-013 2.22877e-020
9 0.00210107 1.72211e-007 9.85816e-011 3.30402e-010 -5.29699e-020 3.43105e-014 -2.73839e-020 0.00210107 1.72211e-007 9.85816e-011 3.30402e-010 -5.29699e-020 3.43105e-014 -2.73839e-020
9 0.00207778 2.12929e-007 1.74994e-010 4.69384e-010 -1.09912e-019 1.67952e-013 7.75655e-020 0.00207778 2.12929e-007 1.74994e-010 4.69384e-010 -1.09912e-019 1.67952e-013 7.75655e-020
9 0.00209238 2.2491e-007 1.97788e-010 4.58855e-010 -1.2299e-019 1.70521e-013 6.31033e-020 0.00209238 2.2491e-007 1.97788e-010 4.58855e-010 -1.2299e-019 1.70521e-013 6.31033e-020
9 0.00238583 1.27481e-007 2.60219e-011 3.52161e-010 -3.29605e-020 -3.62314e-014 7.07683e-021 0.00238583 1.27481e-007 2.60219e-011 3.52161e-010 -3.29605e-020 -3.62314e-014 7.07683e-021
9 0.00242139 1.57049e-007 7.20046e-011 4.0135e-010 -6.74048e-020 1.70846e-014 1.0568e-020 0.00242139 1.57049e-007 7.20046e-011 4.0135e-010 -6.74048e-020 1.70846e-014 1.0568e-020
9 0.00259416 1.50882e-007 7.07545e-011 5.6357e-010 -7.63629e-020 -5.39233e-014 8.26647e-020 0.00259416 1.50882e-007 7.07545e-011 5.6357e-010 -7.63629e-020 -5.39233e-014 8.26647e-020
9 0.00242459 1.31233e-007 6.61313e-011 4.57911e-010 -7.51122e-020 6.03159e-015 2.66045e-020 0.00242459 1.31233e-007 6.61313e-011 4.57911e-010 -7.51122e-020 6.03159e-015 2.66045e-020
9 0.00377984 5.68863e-007 4.34034e-010 5.49641e-010 -2.285e-019 -3.41757e-013 -1.40922e-019 0.00377984 5.68863e-007 4.34034e-010 5.49641e-010 -2.285e-019 -3.41757e-013 -1.40922e-019
9 0.00394838 6.6387e-007 4.12593e-010 4.09718e-010 -1.6577e-019 -3.2411e-013 -2.99674e-020 0.00394838 6.6387e-007 4.12593e-010 4.09718e-010 -1.6577e-019 -3.2411e-013 -2.99674e-020
9 0.00360232 5.01549e-007 6.19117e-010 8.73792e-010 -4.05527e-019 -2.06276e-013 -4.9859e-019 0.00360232 5.01549e-007 6.19117e-010 8.73792e-010 -4.05527e-019 -2.06276e-013 -4.9859e-019
9 0.00229229 1.26911e-007 6.43633e-011 4.95954e-010 -8.72073e-020 -7.94977e-014 1.57017e-020 0.00229229 1.26911e-007 6.43633e-011 4.95954e-010 -8.72073e-020 -7.94977e-014 1.57017e-020
9 0.00271163 2.09032e-007 7.16586e-011 4.50597e-010 -6.55427e-020 1.70697e-014 4.75403e-020 0.00271163 2.09032e-007 7.16586e-011 4.50597e-010 -6.55427e-020 1.70697e-014 4.75403e-020
9 0.00384774 5.83839e-007 5.37884e-010 6.1176e-010 -2.96457e-019 -3.7349e-013 1.87783e-019 0.00384774 5.83839e-007 5.37884e-010 6.1176e-010 -2.96457e-019 -3.7349e-013 1.87783e-019
9 0.00246632 1.015e-007 1.84648e-011 4.62273e-010 -4.18115e-020 -7.7969e-014 8.70991e-021 0.00246632 1.015e-007 1.84648e-011 4.62273e-010 -4.18115e-020 -7.7969e-014 8.70991e-021
10 0.00237622 2.71447e-007 6.61945e-011 6.64523e-011 -2.29015e-021 -1.48627e-014 -3.76561e-021 0.00237622 2.71447e-007 6.61945e-011 6.64523e-011 -2.29015e-021 -1.48627e-014 -3.76561e-021
10 0.00235417 2.71236e-007 4.464e-011 7.41601e-011 -2.87667e-021 -2.6088e-014 -3.15144e-021 0.00235417 2.71236e-007 4.464e-011 7.41601e-011 -2.87667e-021 -2.6088e-014 -3.15144e-021
10 0.00223315 2.05589e-007 5.02248e-011 1.02977e-010 -3.86664e-021 -4.24927e-014 -6.31618e-021 0.00223315 2.05589e-007 5.02248e-011 1.02977e-010 -3.86664e-021 -4.24927e-014 -6.31618e-021
10 0.00222366 2.08819e-007 5.41845e-011 8.82738e-011 -4.17221e-021 -4.03003e-014 -4.45686e-021 0.00222366 2.08819e-007 5.41845e-011 8.82738e-011 -4.17221e-021 -4.03003e-014 -4.45686e-021
10 0.0022347 2.21986e-007 5.7402e-011 9.64161e-011 -5.54647e-022 -2.66397e-014 -7.15132e-021 0.0022347 2.21986e-007 5.7402e-011 9.64161e-011 -5.54647e-022 -2.66397e-014 -7.15132e-021
10 0.0022589 2.53048e-007 3.95763e-011 8.5181e-011 -7.69959e-022 -2.75602e-014 -4.88545e-021 0.0022589 2.53048e-007 3.95763e-011 8.5181e-011 -7.69959e-022 -2.75602e-014 -4.88545e-021
10 0.00217783 2.01579e-007 3.84573e-011 1.04436e-010 -4.47007e-021 -4.58129e-014 -4.88097e-021 0.00217783 2.01579e-007 3.84573e-011 1.04436e-010 -4.47007e-021 -4.58129e-014 -4.88097e-021
10 0.00212014 2.01214e-007 2.95356e-011 1.13581e-010 -3.6822e-021 -5.06307e-014 -5.45147e-021 0.00212014 2.01214e-007 2.95356e-011 1.13581e-010 -3.6822e-021 -5.06307e-014 -5.45147e-021
10 0.00221389 2.0778e-007 7.53597e-011 1.08325e-010 -8.67285e-021 -4.90601e-014 -4.53586e-021 0.00221389 2.0778e-007 7.53597e-011 1.08325e-010 -8.67285e-021 -4.90601e-014 -4.53586e-021
10 0.00438918 4.03785e-007 1.36359e-009 8.82989e-010 -9.62468e-019 -5.59054e-013 1.11357e-019 0.00438918 4.03785e-007 1.36359e-009 8.82989e-010 -9.62468e-019 -5.59054e-013 1.11357e-019
10 0.00420675 3.91935e-007 1.19314e-009 1.20877e-009 -1.27185e-018 -2.42757e-013 6.9978e-019 0.00420675 3.91935e-007 1.19314e-009 1.20877e-009 -1.27185e-018 -2.42757e-013 6.9978e-019
10 0.00428044 7.60201e-007 1.87849e-009 1.24384e-009 -1.12149e-018 4.76377e-013 1.53533e-018 0.00428044 7.60201e-007 1.87849e-009 1.24384e-009 -1.12149e-018 4.76377e-013 1.53533e-018
10 0.0040321 6.21711e-007 1.60553e-009 1.93737e-009 -2.30751e-018 4.3204e-013 2.52001e-018 0.0040321 6.21711e-007 1.60553e-009 1.93737e-009 -2.30751e-018 4.3204e-013 2.52001e-018
10 0.00424893 3.98078e-007 1.42465e-009 1.24867e-009 -1.62584e-018 -6.41398e-013 3.60938e-019 0.00424893 3.98078e-007 1.42465e-009 1.24867e-009 -1.62584e-018 -6.41398e-013 3.60938e-019
10 0.00421262 3.67591e-007 1.35797e-009 1.1687e-009 -1.4356e-018 -5.7124e-013 3.26728e-019 0.00421262 3.67591e-007 1.35797e-009 1.1687e-009 -1.4356e-018 -5.7124e-013 3.26728e-019
10 0.00225639 1.97567e-007 3.86928e-011 8.43623e-011 -4.81927e-021 -3.47093e-014 7.79287e-023 0.00225639 1.97567e-007 3.86928e-011 8.43623e-011 -4.81927e-021 -3.47093e-014 7.79287e-023
10 0.00210507 2.04832e-007 2.35444e-011 1.24581e-010 -6.25572e-021 -5.49274e-014 -2.52788e-021 0.00210507 2.04832e-007 2.35444e-011 1.24581e-010 -6.25572e-021 -5.49274e-014 -2.52788e-021
10 0.00206406 2.14039e-007 1.01235e-011 1.18643e-010 -3.74883e-021 -4.88854e-014 1.6891e-021 0.00206406 2.14039e-007 1.01235e-011 1.18643e-010 -3.74883e-021 -4.88854e-014 1.6891e-021
10 0.00398519 3.05202e-007 9.4455e-010 1.46043e-009 -1.67228e-018 -5.33802e-013 3.81688e-019 0.00398519 3.05202e-007 9.4455e-010 1.46043e-009 -1.67228e-018 -5.33802e-013 3.81688e-019