1 0.00247238 4.68609e-007 8.26551e-012 3.21163e-011 5.07387e-022 2.11721e-014 1.27926e-022 0.00247238 4.68609e-007 8.26551e-012 3.21163e-011 5.07387e-022 2.11721e-014 1.27926e-022 0 0 208 0 0 0 0 220 220 220 0 0 0 227 227 226 0 0 0 234 247 229 0 0 0 247 247 247 0 0 0 245 247 241 0 0 0 0 0 0 0 0 0 0 0 0 0 0 0 0 57 0 0 0 0 0 15 0 0 0 0 0 0 0 0 0 0 0 0 0 0 0 220 220 0 234 247 0 247 247 0 0 0 0 0 0 0 0 0 0 227 226 247 247 0 0 0 0 227 247 0 0 247 247 0 0 247 0
1 0.00251486 4.74406e-007 6.68671e-012 2.28973e-011 2.76179e-022 1.577e-014 -6.32271e-023 0.00251486 4.74406e-007 6.68671e-012 2.28973e-011 2.76179e-022 1.577e-014 -6.32271e-023 0 0 217 0 0 0 0 231 231 227 0 0 0 233 231 232 0 0 0 233 247 245 0 0 0 245 247 247 0 0 0 86 251 245 0 0 0 0 0 0 0 0 0 0 0 0 0 0 0 0 23 0 0 0 0 0 18 0 0 0 0 0 0 0 0 0 0 0 0 0 0 0 231 231 0 234 247 0 245 251 0 0 0 0 0 0 0 0 0 0 233 232 251 247 0 0 0 0 233 251 0 0 251 247 0 0 251 0
1 0.00254286 4.80801e-007 3.96167e-012 1.48607e-011 1.12421e-022 1.02802e-014 -1.90577e-023 0.00254286 4.80801e-007 3.96167e-012 1.48607e-011 1.12421e-022 1.02802e-014 -1.90577e-023 0 0 218 0 0 0 0 233 233 231 0 0 0 233 232 232 0 0 0 245 247 243 0 0 0 247 247 245 0 0 0 0 247 247 0 0 0 0 0 0 0 0 0 0 0 0 0 0 0 0 26 0 0 0 0 0 16 0 0 0 0 0 0 0 0 0 0 0 0 0 0 0 233 233 0 247 247 0 247 247 0 0 0 0 0 0 0 0 0 0 233 232 247 247 0 0 0 0 233 247 0 0 247 247 0 0 247 0
1 0.00257816 4.96609e-007 2.86019e-012 7.03435e-012 3.10088e-023 4.93941e-015 -5.83222e-024 0.00257816 4.96609e-007 2.86019e-012 7.03435e-012 3.10088e-023 4.93941e-015 -5.83222e-024 0 0 215 0 0 0 0 227 231 231 0 0 0 231 231 236 0 0 0 234 247 239 0 0 0 245 247 245 0 0 0 0 247 245 0 0 0 0 0 0 0 0 0 0 0 0 0 0 0 0 27 0 0 0 0 0 0 0 0 0 0 0 0 0 0 0 0 0 0 0 0 0 227 231 0 234 247 0 245 247 0 0 0 0 0 0 0 0 0 0 231 236 247 245 0 0 0 0 236 247 0 0 247 245 0 0 247 0
1 0.00255554 4.96758e-007 4.30525e-012 1.67727e-011 1.38773e-022 1.07639e-014 3.2506e-023 0.00255554 4.96758e-007 4.30525e-012 1.67727e-011 1.38773e-022 1.07639e-014 3.2506e-023 0 0 198 0 0 0 0 217 218 222 0 0 0 224 227 233 0 0 0 229 245 239 0 0 0 238 247 247 0 0 0 0 245 247 0 0 0 0 0 0 0 0 0 0 0 0 0 0 0 0 59 0 0 0 0 0 28 0 0 0 0 0 0 0 0 0 0 0 0 0 0 0 217 222 0 229 245 0 238 247 0 0 0 0 0 0 0 0 0 0 227 233 247 247 0 0 0 0 233 247 0 0 247 247 0 0 247 0
1 0.00253368 4.88749e-007 2.98056e-012 1.1618e-011 4.41395e-023 3.49973e-015 5.22086e-023 0.00253368 4.88749e-007 2.98056e-012 1.1618e-011 4.41395e-023 3.49973e-015 5.22086e-023 0 0 175 0 0 0 0 206 203 203 0 0 0 217 220 218 0 0 0 220 234 231 0 0 0 184 245 247 0 0 0 0 239 229 0 0 0 0 0 0 0 0 0 0 0 0 0 0 0 0 188 0 0 0 0 0 28 0 0 0 0 0 0 0 0 0 0 0 0 0 0 0 206 203 0 220 234 0 217 247 0 0 0 0 0 0 0 0 0 0 220 218 245 247 0 0 0 0 220 247 0 0 245 247 0 0 247 0
1 0.00248467 4.75169e-007 2.60221e-012 1.65473e-011 1.07872e-022 1.13691e-014 -1.24058e-023 0.00248467 4.75169e-007 2.60221e-012 1.65473e-011 1.07872e-022 1.13691e-014 -1.24058e-023 0 0 194 198 0 0 0 0 218 215 0 0 0 203 232 231 0 0 0 199 245 241 0 0 0 0 247 247 0 0 0 0 245 245 0 0 0 0 0 0 0 0 0 0 0 0 0 0 0 0 0 0 0 0 0 0 0 0 0 0 0 0 0 0 0 0 0 0 0 0 0 0 0 218 0 203 245 0 0 247 0 0 0 0 0 0 0 0 0 0 232 231 247 247 0 0 0 0 232 247 0 0 247 247 0 0 247 0
1 0.00249686 4.63241e-007 4.03581e-012 1.07719e-011 4.02037e-023 3.19944e-015 5.85498e-023 0.00249686 4.63241e-007 4.03581e-012 1.07719e-011 4.02037e-023 3.19944e-015 5.85498e-023 0 0 191 192 0 0 0 0 213 213 0 0 0 215 230 234 0 0 0 211 245 247 0 0 0 194 247 247 0 0 0 0 245 245 0 0 0 0 0 0 0 0 0 0 0 0 0 0 0 0 0 0 0 0 0 0 26 0 0 0 0 0 0 0 0 0 0 0 0 0 0 0 206 213 0 215 247 0 194 247 0 0 0 0 0 0 0 0 0 0 230 234 247 247 0 0 0 0 234 247 0 0 247 247 0 0 247 0
1 0.00243099 4.39537e-007 5.53533e-012 2.5206e-011 2.89359e-022 1.54853e-014 7.01194e-023 0.00243099 4.39537e-007 5.53533e-012 2.5206e-011 2.89359e-022 1.54853e-014 7.01194e-023 0 0 204 208 0 0 0 0 225 220 0 0 0 211 233 236 0 0 0 205 247 247 0 0 0 198 247 247 0 0 0 0 245 247 0 0 0 0 0 0 0 0 0 0 0 0 0 0 0 0 31 0 0 0 0 0 26 0 0 0 0 0 0 0 0 0 0 0 0 0 0 0 0 225 0 215 247 0 198 247 0 0 0 0 0 0 0 0 0 0 233 236 247 247 0 0 0 0 236 247 0 0 247 247 0 0 247 0
1 0.00380579 9.24058e-007 2.80708e-011 7.30509e-011 -3.16549e-021 -6.76956e-014 9.60495e-022 0.00380579 9.24058e-007 2.80708e-011 7.30509e-011 -3.16549e-021 -6.76956e-014 9.60495e-022 0 0 201 198 0 0 0 0 217 217 0 0 0 0 220 225 0 0 0 0 239 241 0 0 0 0 245 247 0 0 0 0 245 245 0 247 0 0 0 0 0 0 0 0 0 0 0 0 0 0 0 0 0 0 0 0 0 0 0 0 0 0 0 0 0 0 0 0 0 0 0 0 0 217 0 0 241 0 0 247 247 0 0 0 0 0 0 0 0 0 220 225 245 251 0 0 0 0 225 251 0 0 245 251 0 0 251 0
1 0.00379951 6.27288e-007 1.41335e-010 2.70426e-010 1.7721e-020 2.67959e-014 4.98102e-020 0.00379951 6.27288e-007 1.41335e-010 2.70426e-010 1.7721e-020 2.67959e-014 4.98102e-020 0 0 199 205 0 0 0 0 231 215 0 0 0 0 236 225 215 0 0 0 241 234 225 0 0 0 245 247 220 0 251 0 247 247 0 251 0 0 0 0 0 0 0 0 0 0 0 0 0 0 0 0 0 0 0 0 0 6 0 0 0 0 0 0 0 0 0 0 0 0 0 0 0 231 0 0 241 222 251 247 251 0 0 0 0 0 0 0 0 0 236 225 251 251 0 0 0 0 236 251 0 0 251 251 0 0 251 0
1 0.00390157 9.06604e-007 2.3625e-010 4.83301e-010 8.1088e-020 1.1931e-013 1.41756e-019 0.00390157 9.06604e-007 2.3625e-010 4.83301e-010 8.1088e-020 1.1931e-013 1.41756e-019 0 0 178 182 0 0 0 0 220 205 0 0 0 0 236 225 0 0 0 0 239 233 227 0 0 0 245 247 0 0 0 0 241 247 0 238 0 0 0 0 0 0 0 0 0 0 0 0 0 0 0 0 0 0 0 0 0 0 0 0 0 0 0 0 0 0 0 0 0 0 0 0 0 220 0 0 239 227 0 247 238 0 0 0 0 0 0 0 0 0 236 225 245 251 0 0 0 0 236 251 0 0 245 251 0 0 251 0
1 0.0036969 5.9598e-007 1.86711e-010 3.26974e-010 2.59655e-020 8.23336e-014 7.6503e-020 0.0036969 5.9598e-007 1.86711e-010 3.26974e-010 2.59655e-020 8.23336e-014 7.6503e-020 0 0 192 201 0 0 0 0 229 215 0 0 0 0 234 226 217 0 0 0 245 233 220 0 0 0 243 247 0 0 0 0 241 245 0 0 0 0 0 0 0 0 0 0 0 0 0 0 0 0 0 0 0 0 0 0 0 0 0 0 0 0 0 0 0 0 0 0 0 0 0 0 0 229 0 0 245 217 0 247 0 0 0 0 0 0 0 0 0 0 234 226 245 251 0 0 0 0 234 251 0 0 245 251 0 0 251 0
1 0.00376188 8.04903e-007 1.14055e-010 1.75856e-010 -2.3981e-020 -1.54278e-013 6.72259e-021 0.00376188 8.04903e-007 1.14055e-010 1.75856e-010 -2.3981e-020 -1.54278e-013 6.72259e-021 0 0 195 194 0 0 0 0 220 218 0 0 0 0 224 229 0 0 0 0 245 245 0 0 0 0 247 247 0 0 245 0 248 241 0 251 0 0 0 0 0 0 0 0 0 0 0 0 0 0 0 0 0 0 0 0 0 0 0 0 0 0 0 0 0 0 0 0 0 0 0 0 0 220 0 0 245 0 245 248 251 0 0 0 0 0 0 0 0 0 224 229 248 251 0 0 0 0 229 251 0 0 248 251 0 0 251 0
1 0.00247737 4.50195e-007 4.23057e-012 1.02405e-011 3.865e-023 3.06432e-015 5.52207e-023 0.00247737 4.50195e-007 4.23057e-012 1.02405e-011 3.865e-023 3.06432e-015 5.52207e-023 0 0 198 199 0 0 0 0 222 220 0 0 0 204 233 234 0 0 0 199 247 247 0 0 0 78 247 247 0 0 0 0 248 248 0 0 0 0 0 0 0 0 0 0 0 0 0 0 0 0 0 0 0 0 0 0 0 0 0 0 0 0 0 0 0 0 0 0 0 0 0 0 0 222 0 204 247 0 78 248 0 0 0 0 0 0 0 0 0 0 233 234 248 247 0 0 0 0 234 248 0 0 248 247 0 0 248 0
1 0.00249787 4.70477e-007 3.56493e-012 1.13218e-011 4.03296e-023 3.2122e-015 5.95582e-023 0.00249787 4.70477e-007 3.56493e-012 1.13218e-011 4.03296e-023 3.2122e-015 5.95582e-023 0 0 199 203 0 0 0 0 222 220 0 0 0 212 231 234 0 0 0 213 247 247 0 0 0 0 247 247 0 0 0 0 247 247 0 0 0 0 0 0 0 0 0 0 0 0 0 0 0 0 0 0 0 0 0 0 0 0 0 0 0 0 0 0 0 0 0 0 0 0 0 0 0 222 0 217 247 0 0 247 0 0 0 0 0 0 0 0 0 0 231 234 247 247 0 0 0 0 234 247 0 0 247 247 0 0 247 0
1 0.00422161 1.2011e-006 4.97974e-011 1.07664e-010 -5.23173e-021 -8.5433e-014 5.89705e-021 0.00422161 1.2011e-006 4.97974e-011 1.07664e-010 -5.23173e-021 -8.5433e-014 5.89705e-021 0 0 0 0 0 0 0 0 220 212 0 0 0 0 225 220 0 0 0 0 239 241 0 0 78 0 247 247 0 0 243 0 245 241 0 251 0 0 0 0 0 0 0 0 0 0 0 0 0 0 0 0 0 0 0 0 0 0 0 0 0 0 0 0 0 0 0 0 0 0 0 0 0 220 0 0 241 0 243 247 251 0 0 0 0 0 0 0 0 0 225 220 247 251 0 0 0 0 225 251 0 0 247 251 0 0 251 0
1 0.00253537 4.85066e-007 3.67417e-012 1.2223e-011 4.86711e-023 3.53024e-015 6.58834e-023 0.00253537 4.85066e-007 3.67417e-012 1.2223e-011 4.86711e-023 3.53024e-015 6.58834e-023 0 0 195 199 0 0 0 0 220 215 0 0 0 208 231 234 0 0 0 205 245 247 0 0 0 0 247 247 0 0 0 0 248 247 0 0 0 0 0 0 0 0 0 0 0 0 0 0 0 0 0 0 0 0 0 0 0 0 0 0 0 0 0 0 0 0 0 0 0 0 0 0 0 220 0 210 247 0 0 248 0 0 0 0 0 0 0 0 0 0 231 234 248 247 0 0 0 0 234 248 0 0 248 247 0 0 248 0
2 0.0020502 3.27242e-007 1.24998e-010 1.68415e-010 1.44083e-020 9.55912e-014 1.97358e-020 0.0020502 3.27242e-007 1.24998e-010 1.68415e-010 1.44083e-020 9.55912e-014 1.97358e-020 0 0 213 213 171 154 0 0 231 220 178 153 0 238 234 224 183 153 0 227 227 220 187 155 0 222 222 217 189 68 0 0 225 214 0 0 0 0 0 0 0 0 0 0 0 0 0 0 0 0 0 7 0 0 0 0 0 0 0 0 0 0 0 0 0 0 0 0 0 0 0 0 0 231 176 238 233 187 222 225 187 0 0 0 0 0 0 0 0 0 238 224 227 220 0 0 0 0 238 227 0 0 238 224 0 0 238 0
2 0.00210091 3.38905e-007 1.05767e-010 1.73124e-010 1.93002e-020 9.85064e-014 1.32781e-020 0.00210091 3.38905e-007 1.05767e-010 1.73124e-010 1.93002e-020 9.85064e-014 1.32781e-020 0 0 224 194 189 171 0 0 236 226 194 170 0 241 239 229 194 171 0 238 234 227 196 171 0 233 231 220 198 182 0 0 232 221 0 0 0 0 0 0 0 0 0 0 0 0 0 0 0 0 0 4 0 0 0 0 0 0 0 0 0 0 0 0 0 0 0 0 0 0 0 0 0 236 194 241 239 196 233 232 198 0 0 0 0 0 0 0 0 0 241 229 238 227 0 0 0 0 241 238 0 0 241 229 0 0 241 0
2 0.00203953 2.71033e-007 1.40783e-010 1.41802e-010 1.81316e-020 7.36546e-014 8.52433e-021 0.00203953 2.71033e-007 1.40783e-010 1.41802e-010 1.81316e-020 7.36546e-014 8.52433e-021 0 0 224 199 196 171 0 231 236 226 194 171 0 238 233 227 192 173 0 236 233 227 197 171 0 222 224 220 196 0 0 0 229 222 0 0 0 0 0 0 0 0 0 0 0 0 0 0 0 0 0 3 0 0 0 0 0 0 0 0 0 0 0 0 0 0 0 0 0 0 0 0 231 236 196 238 233 197 224 229 194 0 0 0 0 0 0 0 0 0 238 227 236 227 0 0 0 0 238 236 0 0 238 227 0 0 238 0
2 0.002084 3.21151e-007 6.49033e-011 1.22147e-010 9.2516e-021 6.56998e-014 5.71755e-021 0.002084 3.21151e-007 6.49033e-011 1.22147e-010 9.2516e-021 6.56998e-014 5.71755e-021 0 0 226 203 201 184 0 238 238 232 201 185 0 238 234 233 203 187 0 234 233 229 208 183 0 229 222 227 210 0 0 224 233 0 0 0 0 0 0 0 0 0 0 0 0 0 0 0 0 0 0 2 0 0 0 0 0 0 0 0 0 0 0 0 0 0 0 0 0 0 0 0 238 238 201 238 234 208 229 233 208 0 0 0 0 0 0 0 0 0 238 233 234 229 0 0 0 0 238 234 0 0 238 233 0 0 238 0
2 0.00210495 3.3933e-007 5.66484e-011 1.37922e-010 9.81797e-021 7.23902e-014 7.22703e-021 0.00210495 3.3933e-007 5.66484e-011 1.37922e-010 9.81797e-021 7.23902e-014 7.22703e-021 0 0 227 208 204 182 0 234 236 229 204 184 0 238 233 232 199 184 0 236 231 224 199 0 0 225 222 225 201 182 0 228 236 0 0 0 0 0 0 0 0 0 0 0 0 0 0 0 0 0 0 5 0 0 0 0 0 0 0 0 0 0 0 0 0 0 0 0 0 0 0 0 234 236 204 238 233 199 228 236 201 0 0 0 0 0 0 0 0 0 238 232 236 225 0 0 0 0 238 236 0 0 238 232 0 0 238 0
2 0.00210145 3.17922e-007 5.66184e-011 1.09084e-010 6.71306e-021 5.5898e-014 5.33168e-021 0.00210145 3.17922e-007 5.66184e-011 1.09084e-010 6.71306e-021 5.5898e-014 5.33168e-021 0 0 225 205 201 176 0 234 239 229 203 182 0 238 233 236 201 180 0 233 234 229 201 0 0 227 226 226 204 0 0 228 234 224 0 0 0 0 0 0 0 0 0 0 0 0 0 0 0 0 0 5 0 0 0 0 0 0 0 0 0 0 0 0 0 0 0 0 0 0 0 0 234 239 203 238 236 199 228 234 203 0 0 0 0 0 0 0 0 0 239 236 234 229 0 0 0 0 239 234 0 0 239 236 0 0 239 0
2 0.00217806 3.90926e-007 2.89199e-011 1.2795e-010 5.2733e-021 6.54875e-014 5.72461e-021 0.00217806 3.90926e-007 2.89199e-011 1.2795e-010 5.2733e-021 6.54875e-014 5.72461e-021 0 0 227 212 208 185 0 239 239 232 208 191 0 239 234 238 205 198 0 234 233 227 210 0 0 227 226 224 211 66 0 229 235 0 0 0 0 0 0 0 0 0 0 0 0 0 0 0 0 0 0 0 0 0 0 0 0 0 0 0 0 0 0 0 0 0 0 0 0 0 0 0 239 239 208 239 238 210 229 235 210 0 0 0 0 0 0 0 0 0 239 238 235 227 0 0 0 0 239 235 0 0 239 238 0 0 239 0
2 0.00228421 3.99079e-007 3.04701e-011 1.10716e-010 -1.41699e-021 2.85911e-014 6.27256e-021 0.00228421 3.99079e-007 3.04701e-011 1.10716e-010 -1.41699e-021 2.85911e-014 6.27256e-021 0 0 227 212 208 0 0 239 245 233 204 187 0 239 234 234 204 187 0 238 233 217 208 0 0 227 227 208 208 182 0 230 239 0 0 0 0 0 0 0 0 0 0 0 0 0 0 0 0 0 0 0 0 0 0 0 0 0 0 0 0 0 0 0 0 0 0 0 0 0 0 0 239 245 208 239 234 208 230 239 208 0 0 0 0 0 0 0 0 0 245 234 239 217 0 0 0 0 245 239 0 0 245 234 0 0 245 0
2 0.00224176 4.00518e-007 1.34421e-011 7.65389e-011 1.12053e-021 2.86291e-014 2.1844e-021 0.00224176 4.00518e-007 1.34421e-011 7.65389e-011 1.12053e-021 2.86291e-014 2.1844e-021 0 0 231 220 218 0 0 239 245 233 215 0 0 239 239 241 211 0 0 233 238 231 217 0 0 227 229 224 215 0 0 231 233 0 0 0 0 0 0 0 0 0 0 0 0 0 0 0 0 0 0 0 0 0 0 0 0 0 0 0 0 0 0 0 0 0 0 0 0 0 0 0 239 245 218 239 241 217 231 233 215 0 0 0 0 0 0 0 0 0 245 239 238 231 0 0 0 0 245 238 0 0 245 239 0 0 245 0
2 0.00320323 8.72665e-007 5.06687e-010 2.22978e-009 1.92191e-018 2.04567e-012 1.38691e-018 0.00320323 8.72665e-007 5.06687e-010 2.22978e-009 1.92191e-018 2.04567e-012 1.38691e-018 0 0 225 226 222 224 0 0 239 239 233 233 0 0 233 238 239 236 0 0 227 238 239 0 0 0 232 238 238 0 251 0 245 241 0 0 0 0 0 0 0 0 0 0 0 0 0 0 0 0 0 0 0 0 0 0 0 0 0 0 0 0 0 0 0 0 0 0 0 0 0 0 0 239 233 0 239 239 251 245 251 0 0 0 0 0 0 0 0 0 239 239 251 251 0 0 0 0 239 251 0 0 251 251 0 0 251 0
2 0.00294337 7.43186e-007 8.75275e-010 2.31079e-009 1.88765e-018 1.96998e-012 2.69014e-018 0.00294337 7.43186e-007 8.75275e-010 2.31079e-009 1.88765e-018 1.96998e-012 2.69014e-018 0 0 227 224 213 208 0 0 238 227 215 201 0 0 234 233 211 194 0 0 227 229 204 0 0 0 234 222 201 0 251 0 238 225 0 251 0 0 0 0 0 0 0 0 0 0 190 0 0 0 0 0 0 0 0 0 0 0 0 0 0 0 0 0 0 0 0 0 0 0 0 0 0 238 215 0 234 211 251 238 251 0 0 0 0 0 0 0 0 0 238 233 251 251 0 0 0 0 238 251 0 0 251 251 0 0 251 0
2 0.00293157 7.22942e-007 1.02047e-009 2.28117e-009 2.08271e-018 1.93448e-012 2.78855e-018 0.00293157 7.22942e-007 1.02047e-009 2.28117e-009 2.08271e-018 1.93448e-012 2.78855e-018 0 0 220 220 208 198 0 0 236 227 213 196 0 0 233 232 208 187 0 0 227 232 199 0 0 0 233 222 194 0 0 0 239 227 0 0 0 0 0 0 0 0 0 0 0 0 180 0 0 0 0 0 0 0 0 0 0 0 0 0 0 0 0 0 0 0 0 0 0 0 0 0 0 236 213 0 233 204 0 239 194 0 0 0 0 0 0 0 0 0 236 232 239 251 0 0 0 0 236 251 0 0 239 251 0 0 251 0
2 0.00312575 9.24833e-007 7.2236e-010 3.02377e-009 2.32119e-018 2.81225e-012 3.81878e-018 0.00312575 9.24833e-007 7.2236e-010 3.02377e-009 2.32119e-018 2.81225e-012 3.81878e-018 0 0 220 224 215 206 0 0 236 229 220 199 0 0 234 236 211 194 0 224 233 238 208 0 0 0 236 227 199 0 0 0 241 230 0 0 0 0 0 0 0 0 0 0 0 0 189 0 0 0 0 1 0 0 0 0 0 0 0 0 0 0 0 0 0 0 0 0 0 0 0 0 0 236 220 225 238 209 0 241 199 0 0 0 0 0 0 0 0 0 236 236 241 251 0 0 0 0 236 251 0 0 241 251 0 0 251 0
2 0.00320085 8.69181e-007 5.40027e-010 2.39718e-009 2.26696e-018 2.19014e-012 1.51657e-018 0.00320085 8.69181e-007 5.40027e-010 2.39718e-009 2.26696e-018 2.19014e-012 1.51657e-018 0 0 227 226 227 227 0 0 238 241 239 234 0 0 234 243 238 239 0 0 229 239 241 0 0 0 233 239 238 0 251 0 241 241 0 0 0 0 0 0 0 0 0 0 0 0 0 0 0 0 0 0 0 0 0 0 0 0 0 0 0 0 0 0 0 0 0 0 0 0 0 0 0 241 239 0 243 241 251 241 251 0 0 0 0 0 0 0 0 0 238 243 251 251 0 0 0 0 243 251 0 0 251 251 0 0 251 0
2 0.00206938 3.92677e-007 6.23342e-011 2.3295e-010 2.66765e-020 1.44742e-013 8.73746e-021 0.00206938 3.92677e-007 6.23342e-011 2.3295e-010 2.66765e-020 1.44742e-013 8.73746e-021 0 0 215 217 177 155 0 0 232 220 180 153 0 229 234 224 185 155 85 231 233 220 190 156 0 222 222 220 187 0 0 0 227 217 0 0 0 0 0 0 0 0 0 0 0 0 0 0 0 0 0 2 0 0 0 0 0 0 0 0 0 0 0 0 0 0 0 0 0 0 0 0 0 232 180 231 234 187 222 227 187 0 0 0 0 0 0 0 0 0 234 224 233 220 0 0 0 0 234 233 0 0 234 224 0 0 234 0
2 0.00217467 3.59082e-007 2.82275e-011 8.5246e-011 2.90801e-021 3.68237e-014 3.00493e-021 0.00217467 3.59082e-007 2.82275e-011 8.5246e-011 2.90801e-021 3.68237e-014 3.00493e-021 0 0 231 213 208 0 0 243 241 233 206 0 0 241 239 239 205 0 0 238 236 231 208 0 0 229 237 227 211 0 0 232 239 0 0 0 0 0 0 0 0 0 0 0 0 0 0 0 0 0 0 0 0 0 0 0 0 0 0 0 0 0 0 0 0 0 0 0 0 0 0 0 243 241 208 241 239 208 232 239 211 0 0 0 0 0 0 0 0 0 243 239 239 231 0 0 0 0 243 239 0 0 243 239 0 0 243 0
2 0.00216846 5.90132e-007 2.94452e-009 5.01771e-009 1.92059e-017 3.65513e-012 1.76792e-018 0.00216846 5.90132e-007 2.94452e-009 5.01771e-009 1.92059e-017 3.65513e-012 1.76792e-018 0 0 226 215 211 0 0 239 239 233 208 183 0 241 234 234 201 0 0 233 232 225 206 0 0 229 229 220 208 0 0 230 234 0 0 0 0 0 0 0 0 0 0 0 0 0 0 0 0 0 0 0 0 0 0 0 0 0 0 0 0 0 0 0 0 0 0 0 0 0 0 0 239 239 211 241 234 206 230 234 206 0 0 0 0 0 0 0 0 0 241 234 234 225 0 0 0 0 241 234 0 0 241 234 0 0 241 0
2 0.00320197 9.2352e-007 7.32224e-010 2.97696e-009 2.11374e-018 2.68389e-012 3.85358e-018 0.00320197 9.2352e-007 7.32224e-010 2.97696e-009 2.11374e-018 2.68389e-012 3.85358e-018 0 0 222 226 213 208 0 0 239 232 217 199 0 0 236 237 210 192 0 224 233 236 208 0 0 0 236 227 199 0 0 0 241 229 0 0 0 0 0 0 0 0 0 0 0 0 0 0 0 0 0 1 0 0 0 0 0 0 0 0 0 0 0 0 0 0 0 0 0 0 0 0 0 239 217 224 237 208 0 241 199 0 0 0 0 0 0 0 0 0 239 237 241 251 0 0 0 0 239 251 0 0 241 251 0 0 251 0
2 0.00234921 4.2621e-007 1.05909e-011 5.71766e-011 -6.00524e-022 2.24166e-015 1.27241e-021 0.00234921 4.2621e-007 1.05909e-011 5.71766e-011 -6.00524e-022 2.24166e-015 1.27241e-021 0 0 227 222 222 0 0 241 241 234 218 0 0 238 243 245 208 0 0 233 238 222 215 0 0 227 232 215 215 0 0 231 236 0 85 85 0 0 0 0 0 0 0 0 0 0 0 0 0 0 0 0 0 0 0 0 0 0 0 0 0 0 0 0 0 0 0 0 0 0 0 0 241 241 222 238 245 215 231 236 215 0 0 0 0 0 0 0 0 0 243 245 238 222 0 0 0 0 245 238 0 0 243 245 0 0 245 0
3 0.00242917 3.88911e-007 4.86725e-013 7.15e-012 -9.02234e-024 -4.25448e-015 -9.82384e-024 0.00242917 3.88911e-007 4.86725e-013 7.15e-012 -9.02234e-024 -4.25448e-015 -9.82384e-024 0 0 224 183 140 0 0 236 241 239 140 0 0 245 247 241 0 0 0 233 245 232 0 0 0 233 241 233 0 0 247 229 251 222 0 0 0 0 0 0 0 0 0 0 0 0 0 0 0 0 2 0 0 0 0 0 1 0 0 0 0 0 0 0 0 0 0 0 0 0 0 0 236 241 140 245 247 0 247 251 0 0 0 0 0 0 0 0 0 0 247 241 251 233 0 0 0 0 247 251 0 0 251 241 0 0 251 0
3 0.00241239 3.79023e-007 8.27246e-012 1.77701e-011 -2.15453e-022 -9.04153e-015 5.0847e-025 0.00241239 3.79023e-007 8.27246e-012 1.77701e-011 -2.15453e-022 -9.04153e-015 5.0847e-025 0 0 224 187 155 0 0 234 238 238 148 0 0 245 241 239 0 0 0 231 243 227 0 0 0 226 236 226 0 0 247 232 236 0 0 0 0 0 0 0 0 0 0 0 0 0 0 0 0 0 1 0 0 0 0 0 0 0 0 0 0 0 0 0 0 0 0 0 0 0 0 0 234 238 154 245 243 0 247 236 0 0 0 0 0 0 0 0 0 0 245 239 247 227 0 0 0 0 245 247 0 0 247 239 0 0 247 0
3 0.00240627 3.7823e-007 6.60328e-012 1.88287e-011 -1.9763e-022 -1.14453e-014 -7.08542e-023 0.00240627 3.7823e-007 6.60328e-012 1.88287e-011 -1.9763e-022 -1.14453e-014 -7.08542e-023 0 0 222 194 144 0 0 232 233 234 144 0 0 247 247 236 0 0 0 227 245 227 0 0 0 225 236 227 0 0 247 226 234 0 0 0 0 0 0 0 0 0 0 0 0 0 0 0 0 0 0 0 0 0 0 0 0 0 0 0 0 0 1 0 0 0 0 0 0 0 0 0 232 234 144 247 247 0 247 236 0 0 0 0 0 0 0 0 0 0 247 236 247 227 0 0 0 0 247 247 0 0 247 236 0 0 247 0
3 0.00245592 4.12441e-007 4.76738e-012 1.37239e-011 -9.6247e-023 -8.76781e-015 -5.53115e-023 0.00245592 4.12441e-007 4.76738e-012 1.37239e-011 -9.6247e-023 -8.76781e-015 -5.53115e-023 0 0 224 191 154 0 0 241 241 236 156 0 0 247 247 241 0 0 0 231 241 229 0 0 0 229 236 229 0 0 247 229 234 0 0 0 0 0 0 0 0 0 0 0 0 0 0 0 0 0 0 0 0 0 0 0 1 0 0 0 0 0 0 0 0 0 0 0 0 0 0 0 241 241 156 247 247 0 247 236 0 0 0 0 0 0 0 0 0 0 247 241 247 229 0 0 0 0 247 247 0 0 247 241 0 0 247 0
3 0.00245219 4.13749e-007 2.9731e-012 1.01697e-011 -5.26337e-023 -6.40575e-015 -1.88874e-023 0.00245219 4.13749e-007 2.9731e-012 1.01697e-011 -5.26337e-023 -6.40575e-015 -1.88874e-023 0 0 225 176 140 0 0 234 239 239 141 0 0 247 247 238 0 0 0 234 241 226 0 0 0 229 236 225 0 0 247 230 234 0 0 0 0 0 0 0 0 0 0 0 0 0 0 0 0 0 0 0 0 0 0 0 0 0 0 0 0 0 0 0 0 0 0 0 0 0 0 0 234 239 140 247 247 0 247 236 0 0 0 0 0 0 0 0 0 0 247 239 247 226 0 0 0 0 247 247 0 0 247 239 0 0 247 0
3 0.0024404 3.97178e-007 1.17996e-011 1.93881e-011 -2.74885e-022 -7.03417e-015 1.02146e-022 0.0024404 3.97178e-007 1.17996e-011 1.93881e-011 -2.74885e-022 -7.03417e-015 1.02146e-022 0 0 218 183 149 0 0 229 231 227 204 0 0 233 234 229 0 0 0 224 234 224 0 0 0 220 234 224 0 0 247 212 232 215 0 0 0 0 0 0 0 0 0 0 0 0 0 0 0 0 0 0 0 0 0 0 0 0 0 0 0 0 0 0 0 0 0 0 0 0 0 0 229 231 177 233 234 0 247 234 0 0 0 0 0 0 0 0 0 0 234 229 247 224 0 0 0 0 234 247 0 0 247 229 0 0 247 0
3 0.00238711 3.6627e-007 8.48731e-012 1.85049e-011 -2.31888e-022 -9.52596e-015 -3.0816e-024 0.00238711 3.6627e-007 8.48731e-012 1.85049e-011 -2.31888e-022 -9.52596e-015 -3.0816e-024 0 0 218 169 123 0 0 232 231 225 125 0 0 241 245 231 0 0 0 233 241 224 0 0 0 224 236 224 0 0 247 220 233 215 0 0 0 0 0 0 0 0 0 0 0 0 0 0 0 0 0 0 0 0 0 0 0 0 0 0 0 0 2 0 0 0 0 0 0 0 0 0 232 231 125 241 245 0 247 236 0 0 0 0 0 0 0 0 0 0 245 231 247 224 0 0 0 0 245 247 0 0 247 231 0 0 247 0
3 0.00243214 3.8789e-007 4.80825e-012 1.26448e-011 -7.53862e-023 -7.85689e-015 -6.35461e-023 0.00243214 3.8789e-007 4.80825e-012 1.26448e-011 -7.53862e-023 -7.85689e-015 -6.35461e-023 0 0 222 173 135 0 0 234 234 232 139 0 0 243 247 227 0 0 0 231 234 227 0 0 0 227 236 227 0 0 247 231 234 217 0 0 0 0 0 0 0 0 0 0 0 0 0 0 0 0 1 0 0 0 0 0 0 0 0 0 0 0 0 0 0 0 0 0 0 0 0 0 234 234 139 243 247 0 247 236 0 0 0 0 0 0 0 0 0 0 247 232 247 227 0 0 0 0 247 247 0 0 247 232 0 0 247 0
3 0.00244726 4.14004e-007 5.77747e-012 1.95035e-011 -2.02888e-022 -1.10668e-014 -4.12145e-023 0.00244726 4.14004e-007 5.77747e-012 1.95035e-011 -2.02888e-022 -1.10668e-014 -4.12145e-023 0 0 222 178 149 0 0 234 236 238 160 0 0 247 247 234 0 0 0 231 241 229 0 0 0 229 238 229 0 0 247 229 236 224 0 0 0 0 0 0 0 0 0 0 0 0 0 0 0 0 1 0 0 0 0 0 0 0 0 0 0 0 0 0 0 0 0 0 0 0 0 0 234 238 156 247 247 0 247 238 0 0 0 0 0 0 0 0 0 0 247 238 247 229 0 0 0 0 247 247 0 0 247 238 0 0 247 0
3 0.00419917 1.15037e-006 1.1671e-009 1.29878e-009 -9.73697e-019 8.18486e-013 1.2684e-018 0.00419917 1.15037e-006 1.1671e-009 1.29878e-009 -9.73697e-019 8.18486e-013 1.2684e-018 0 0 213 212 185 162 0 205 234 224 203 163 0 213 231 215 206 0 0 0 222 215 0 0 0 0 229 217 0 0 0 0 234 228 0 0 0 0 0 0 0 0 0 0 0 0 0 0 0 0 0 0 0 0 0 0 0 0 0 0 0 0 0 0 0 0 0 0 0 0 0 0 205 234 203 213 231 205 0 234 0 0 0 0 0 0 0 0 0 0 234 222 234 251 0 0 0 0 234 251 0 0 234 251 0 0 251 0
3 0.00389816 9.04752e-007 1.0691e-009 1.57779e-009 -6.41551e-019 1.1962e-012 1.94617e-018 0.00389816 9.04752e-007 1.0691e-009 1.57779e-009 -6.41551e-019 1.1962e-012 1.94617e-018 139 0 215 217 175 155 0 225 231 224 203 161 0 0 229 213 201 0 0 0 225 220 194 0 0 0 241 217 0 0 0 0 234 226 0 247 0 0 0 0 0 0 0 0 0 3 0 0 0 0 0 0 0 0 0 0 0 0 0 0 0 0 0 0 0 0 0 0 0 0 0 0 225 231 201 0 229 201 0 241 247 0 0 0 0 0 0 0 0 0 231 224 241 251 0 0 0 0 231 251 0 0 241 251 0 0 251 0
3 0.00369354 8.9009e-007 1.14098e-009 1.86474e-009 -7.22484e-019 1.53319e-012 2.62227e-018 0.00369354 8.9009e-007 1.14098e-009 1.86474e-009 -7.22484e-019 1.53319e-012 2.62227e-018 127 0 211 217 167 148 0 220 231 222 196 156 0 222 233 220 199 0 0 0 227 215 187 0 0 0 239 232 0 0 0 0 236 225 0 247 0 0 0 0 0 0 0 0 0 4 0 0 0 0 0 0 0 0 0 0 0 0 0 0 0 0 0 0 0 0 0 0 0 0 0 0 220 231 195 222 233 198 0 239 247 0 0 0 0 0 0 0 0 0 233 220 239 251 0 0 0 0 233 251 0 0 239 251 0 0 251 0
3 0.00387144 9.56359e-007 8.50765e-010 1.47943e-009 -5.61989e-019 1.05023e-012 1.56173e-018 0.00387144 9.56359e-007 8.50765e-010 1.47943e-009 -5.61989e-019 1.05023e-012 1.56173e-018 0 0 217 218 180 156 0 0 232 227 204 156 0 215 233 220 210 0 0 0 225 218 0 0 0 0 225 217 0 0 249 0 229 225 0 251 0 0 0 0 0 0 0 0 0 3 0 0 0 0 0 0 0 0 0 0 0 0 0 0 0 0 0 0 0 0 0 0 0 0 0 0 0 232 201 215 233 210 249 229 251 0 0 0 0 0 0 0 0 0 233 226 249 251 0 0 0 0 233 251 0 0 249 251 0 0 251 0
3 0.00393077 8.73905e-007 8.19184e-010 1.22407e-009 -6.28829e-019 6.66105e-013 1.05216e-018 0.00393077 8.73905e-007 8.19184e-010 1.22407e-009 -6.28829e-019 6.66105e-013 1.05216e-018 0 0 217 217 190 162 0 210 232 231 210 0 0 218 234 222 210 0 0 0 222 217 0 0 0 0 224 215 0 0 249 0 231 225 0 0 0 0 0 0 0 0 0 0 0 0 0 0 0 0 0 0 0 0 0 0 0 0 0 0 0 0 0 0 0 0 0 0 0 0 0 0 210 232 206 220 234 210 249 231 251 0 0 0 0 0 0 0 0 0 234 231 249 251 0 0 0 0 234 251 0 0 249 251 0 0 251 0
3 0.0024212 3.76669e-007 1.20248e-011 2.08932e-011 -3.24979e-022 -1.15326e-014 -6.37191e-023 0.0024212 3.76669e-007 1.20248e-011 2.08932e-011 -3.24979e-022 -1.15326e-014 -6.37191e-023 0 0 220 163 132 0 0 236 236 232 135 0 0 245 247 229 0 0 0 231 236 224 0 0 0 224 233 222 0 0 247 225 247 217 0 0 0 0 0 0 0 0 0 0 0 0 0 0 0 0 3 0 0 0 0 0 2 0 0 0 0 0 2 0 0 0 0 0 0 0 0 0 236 236 134 247 245 0 247 247 0 0 0 0 0 0 0 0 0 0 247 232 247 224 0 0 0 0 247 247 0 0 247 232 0 0 247 0
3 0.00235497 3.47524e-007 1.39503e-011 3.85637e-011 -8.94409e-022 -2.08927e-014 9.22686e-024 0.00235497 3.47524e-007 1.39503e-011 3.85637e-011 -8.94409e-022 -2.08927e-014 9.22686e-024 0 0 213 189 121 0 0 225 232 217 208 0 0 239 245 218 106 0 0 218 231 218 0 0 0 0 231 217 0 0 247 0 232 208 0 0 0 0 0 0 0 0 0 0 0 0 0 0 0 0 0 0 0 0 0 0 0 0 0 0 0 0 0 0 0 0 0 0 0 0 0 0 227 232 208 241 245 106 247 232 0 0 0 0 0 0 0 0 0 0 245 218 247 218 0 0 0 0 245 247 0 0 247 218 0 0 247 0
3 0.00239521 3.67458e-007 1.62143e-011 2.65275e-011 -5.48784e-022 -1.17346e-014 3.89611e-023 0.00239521 3.67458e-007 1.62143e-011 2.65275e-011 -5.48784e-022 -1.17346e-014 3.89611e-023 0 0 217 201 161 0 0 227 233 227 212 0 0 241 245 231 0 0 0 224 227 220 0 0 0 218 231 215 0 0 247 0 231 212 0 0 0 0 0 0 0 0 0 0 0 0 0 0 0 0 4 0 0 0 0 0 0 0 0 0 0 0 0 0 0 0 0 0 0 0 0 0 227 233 211 241 245 0 247 231 0 0 0 0 0 0 0 0 0 0 245 231 247 220 0 0 0 0 245 247 0 0 247 231 0 0 247 0
3 0.00400572 1.29225e-006 2.30741e-009 2.11255e-009 -1.63035e-018 2.2162e-012 4.36993e-018 0.00400572 1.29225e-006 2.30741e-009 2.11255e-009 -1.63035e-018 2.2162e-012 4.36993e-018 123 0 210 217 171 148 0 213 229 224 191 146 0 215 225 220 192 0 0 0 227 217 0 0 0 0 239 229 0 0 251 0 236 222 0 0 0 0 0 0 0 0 0 0 0 4 0 0 0 0 0 0 0 0 0 0 0 0 0 0 0 0 0 0 0 0 0 0 0 0 0 0 213 229 191 215 227 0 251 239 0 0 0 0 0 0 0 0 0 0 229 220 251 251 0 0 0 0 229 251 0 0 251 251 0 0 251 0
3 0.00388235 9.62023e-007 1.017e-009 1.58061e-009 -9.7145e-019 1.07802e-012 1.75279e-018 0.00388235 9.62023e-007 1.017e-009 1.58061e-009 -9.7145e-019 1.07802e-012 1.75279e-018 0 0 212 212 185 160 0 208 232 227 201 160 0 215 233 215 204 0 0 0 220 215 0 0 0 0 222 217 0 0 251 0 228 225 0 0 0 0 0 0 0 0 0 0 0 0 0 0 0 0 0 0 0 0 0 0 0 0 0 0 0 0 0 0 0 0 0 0 0 0 0 0 208 232 201 215 233 203 251 228 251 0 0 0 0 0 0 0 0 0 233 227 251 251 0 0 0 0 233 251 0 0 251 251 0 0 251 0
4 0.00217303 2.35856e-007 2.60673e-011 2.79313e-011 -5.05375e-022 -7.78037e-015 -5.59126e-022 0.00217303 2.35856e-007 2.60673e-011 2.79313e-011 -5.05375e-022 -7.78037e-015 -5.59126e-022 0 196 197 192 0 0 0 199 197 194 0 0 0 196 196 192 0 0 0 194 194 187 0 0 0 192 203 197 0 0 0 190 199 192 0 0 0 0 0 0 0 0 0 0 15 0 0 0 0 0 3 0 0 0 0 0 2 0 0 0 0 0 4 0 0 0 0 0 0 0 0 0 199 197 0 196 196 0 192 203 0 0 0 0 0 0 0 0 0 0 199 194 203 197 0 0 0 0 199 203 0 0 203 197 0 0 203 0
4 0.00211983 2.40714e-007 1.22074e-011 2.38059e-011 -1.78094e-022 -4.89876e-015 -3.64659e-022 0.00211983 2.40714e-007 1.22074e-011 2.38059e-011 -1.78094e-022 -4.89876e-015 -3.64659e-022 0 0 199 197 0 0 0 199 204 194 0 0 0 197 199 192 0 0 86 194 196 189 0 0 0 190 197 196 0 0 0 186 198 189 0 0 0 0 0 0 0 0 0 0 0 0 0 0 0 0 3 0 0 0 0 0 3 0 0 0 0 0 2 0 0 0 0 0 0 0 0 0 199 204 0 197 199 0 191 198 0 0 0 0 0 0 0 0 0 0 204 197 198 196 0 0 0 0 204 198 0 0 204 197 0 0 204 0
4 0.0021244 2.28379e-007 9.09085e-012 1.41544e-011 -5.09485e-023 -2.9037e-015 -1.52263e-022 0.0021244 2.28379e-007 9.09085e-012 1.41544e-011 -5.09485e-023 -2.9037e-015 -1.52263e-022 0 0 208 199 0 0 0 203 208 196 0 0 0 201 203 197 0 0 0 199 199 194 0 0 0 197 204 198 0 0 0 191 201 196 0 0 0 0 0 0 0 0 0 0 0 0 0 0 0 0 2 0 0 0 0 0 2 0 0 0 0 0 0 0 0 0 0 0 0 0 0 0 203 208 0 201 203 0 197 204 0 0 0 0 0 0 0 0 0 0 208 199 204 198 0 0 0 0 208 204 0 0 208 199 0 0 208 0
4 0.00213823 2.45208e-007 1.41937e-011 2.70278e-011 2.27423e-022 5.46722e-015 -4.78036e-022 0.00213823 2.45208e-007 1.41937e-011 2.70278e-011 2.27423e-022 5.46722e-015 -4.78036e-022 0 204 205 199 0 0 0 208 208 201 0 0 0 203 203 201 0 0 0 199 201 194 0 0 0 203 206 203 0 0 239 194 204 196 0 0 0 0 0 0 0 0 0 0 14 0 0 0 0 0 2 0 0 0 0 0 1 0 0 0 0 0 3 0 0 0 0 0 0 0 0 0 208 208 0 203 203 0 239 206 0 0 0 0 0 0 0 0 0 0 208 201 239 203 0 0 0 0 208 239 0 0 239 203 0 0 239 0
4 0.00216836 2.5119e-007 1.86607e-011 2.61964e-011 -2.49821e-022 -5.88448e-015 -5.22549e-022 0.00216836 2.5119e-007 1.86607e-011 2.61964e-011 -2.49821e-022 -5.88448e-015 -5.22549e-022 0 203 204 199 0 0 0 206 208 199 0 0 0 199 201 198 0 0 0 198 199 194 0 0 0 194 206 205 0 0 0 191 201 195 0 0 0 0 0 0 0 0 0 0 12 0 0 0 0 0 3 0 0 0 0 0 2 0 0 0 0 0 3 0 0 0 0 0 0 0 0 0 206 208 0 199 201 0 194 206 0 0 0 0 0 0 0 0 0 0 208 199 206 205 0 0 0 0 208 206 0 0 208 205 0 0 208 0
4 0.0021776 2.77932e-007 1.14582e-011 2.30283e-011 -1.92239e-024 1.6196e-015 -3.74064e-022 0.0021776 2.77932e-007 1.14582e-011 2.30283e-011 -1.92239e-024 1.6196e-015 -3.74064e-022 0 208 208 208 0 0 0 212 212 203 0 0 0 206 206 203 0 0 0 201 203 199 0 0 0 199 206 202 0 0 0 195 204 196 0 0 0 0 0 0 0 0 0 0 10 0 0 0 0 0 2 0 0 0 0 0 1 0 0 0 0 0 0 0 0 0 0 0 0 0 0 0 212 212 0 206 206 0 199 206 0 0 0 0 0 0 0 0 0 0 212 208 206 202 0 0 0 0 212 206 0 0 212 208 0 0 212 0
4 0.00220456 2.63499e-007 1.05484e-011 1.78681e-011 -6.16681e-023 -1.26025e-015 -2.37431e-022 0.00220456 2.63499e-007 1.05484e-011 1.78681e-011 -6.16681e-023 -1.26025e-015 -2.37431e-022 0 0 211 211 0 0 0 211 217 208 0 0 0 206 211 204 0 0 0 204 208 203 0 0 0 206 210 208 0 0 95 199 205 199 0 0 0 0 0 0 0 0 0 0 0 0 0 0 0 0 3 0 0 0 0 0 1 0 0 0 0 0 0 0 0 0 0 0 0 0 0 0 211 217 0 208 211 0 206 210 0 0 0 0 0 0 0 0 0 0 217 211 210 208 0 0 0 0 217 210 0 0 217 211 0 0 217 0
4 0.00220656 2.66603e-007 1.57907e-011 2.6491e-011 1.01866e-023 3.2142e-016 -5.41715e-022 0.00220656 2.66603e-007 1.57907e-011 2.6491e-011 1.01866e-023 3.2142e-016 -5.41715e-022 0 0 213 208 0 0 0 215 215 208 0 0 0 211 212 208 0 0 0 208 212 203 0 0 0 205 213 208 0 0 0 201 211 201 0 0 0 0 0 0 0 0 0 0 0 0 0 0 0 0 3 0 0 0 0 0 3 0 0 0 0 0 0 0 0 0 0 0 0 0 0 0 215 215 0 211 212 0 208 213 0 0 0 0 0 0 0 0 0 0 215 208 213 208 0 0 0 0 215 213 0 0 215 208 0 0 215 0
4 0.00220249 2.79088e-007 1.39007e-011 2.19442e-011 8.69354e-023 2.50915e-015 -3.73273e-022 0.00220249 2.79088e-007 1.39007e-011 2.19442e-011 8.69354e-023 2.50915e-015 -3.73273e-022 0 0 220 215 0 0 0 220 222 212 0 0 0 213 215 208 0 0 0 211 212 208 0 0 0 208 215 212 0 0 0 206 225 206 0 0 0 0 0 0 0 0 0 0 0 0 0 0 0 0 2 0 0 0 0 0 2 0 0 0 0 0 1 0 0 0 0 0 0 0 0 0 220 222 0 213 215 0 208 225 0 0 0 0 0 0 0 0 0 0 222 215 225 212 0 0 0 0 222 225 0 0 225 215 0 0 225 0
4 0.00278248 1.77493e-007 1.72137e-010 4.22661e-010 -1.02774e-019 -1.47751e-013 4.93431e-020 0.00278248 1.77493e-007 1.72137e-010 4.22661e-010 -1.02774e-019 -1.47751e-013 4.93431e-020 0 0 215 218 0 0 0 0 212 215 215 0 0 0 212 211 211 0 0 0 211 215 208 0 0 0 220 220 208 0 249 0 222 229 0 251 0 0 0 0 0 0 0 0 0 0 0 0 0 0 0 2 0 0 0 0 0 2 0 0 0 0 0 0 0 0 0 0 0 0 0 0 0 218 212 0 215 211 249 229 251 0 0 0 0 0 0 0 0 0 215 218 249 251 0 0 0 0 218 251 0 0 249 251 0 0 251 0
4 0.00267076 1.65537e-007 1.53168e-010 3.54142e-010 -7.29867e-020 -1.21265e-013 3.8418e-020 0.00267076 1.65537e-007 1.53168e-010 3.54142e-010 -7.29867e-020 -1.21265e-013 3.8418e-020 0 0 229 233 0 0 0 0 226 232 0 0 0 0 222 224 220 0 0 0 222 222 218 0 0 0 231 227 210 0 0 0 238 239 0 0 0 0 0 0 0 0 0 0 0 0 0 0 0 0 0 0 0 0 0 0 0 2 0 0 0 0 0 0 0 0 0 0 0 0 0 0 0 233 0 0 224 220 0 239 251 0 0 0 0 0 0 0 0 0 229 233 238 251 0 0 0 0 233 251 0 0 238 251 0 0 251 0
4 0.00280331 6.75559e-008 1.69828e-010 6.16091e-010 -1.77796e-019 -1.49247e-013 9.00144e-020 0.00280331 6.75559e-008 1.69828e-010 6.16091e-010 -1.77796e-019 -1.49247e-013 9.00144e-020 0 0 220 202 0 0 0 0 222 208 0 0 0 0 224 203 0 0 0 0 227 208 0 0 0 0 223 208 0 0 245 0 226 211 0 251 0 0 0 0 0 0 0 0 0 0 0 0 0 0 0 0 0 0 0 0 0 0 0 0 0 0 0 0 0 0 0 0 0 0 0 0 0 222 0 0 227 0 245 226 251 0 0 0 0 0 0 0 0 0 224 208 245 251 0 0 0 0 224 251 0 0 245 251 0 0 251 0
4 0.00328031 1.60569e-007 3.75493e-010 8.70123e-010 -4.97307e-019 -3.40476e-013 7.35447e-021 0.00328031 1.60569e-007 3.75493e-010 8.70123e-010 -4.97307e-019 -3.40476e-013 7.35447e-021 0 0 224 222 0 0 0 0 227 220 0 0 0 0 217 220 0 0 0 0 218 220 0 0 0 0 225 220 0 0 251 0 234 232 0 251 0 0 0 0 0 0 0 0 0 0 0 0 0 0 0 0 0 0 0 0 0 0 0 0 0 0 0 0 0 0 0 0 0 0 0 0 0 227 0 0 220 0 251 234 251 0 0 0 0 0 0 0 0 0 227 220 251 251 0 0 0 0 227 251 0 0 251 251 0 0 251 0
4 0.00247075 9.80432e-008 6.8712e-011 1.88089e-010 -1.95495e-020 -5.56496e-014 -8.66231e-021 0.00247075 9.80432e-008 6.8712e-011 1.88089e-010 -1.95495e-020 -5.56496e-014 -8.66231e-021 0 0 218 201 0 0 0 191 218 203 0 0 247 0 222 203 0 0 247 0 218 204 0 0 0 0 218 208 0 0 245 0 225 208 0 64 0 0 0 0 0 0 0 0 0 0 0 0 0 0 0 0 0 0 0 0 0 0 0 0 0 0 0 0 0 0 0 0 0 0 0 0 191 218 0 247 222 0 245 225 64 0 0 0 0 0 0 0 0 0 247 203 247 208 0 0 0 0 247 247 0 0 247 208 0 0 247 0
4 0.00224933 2.79732e-007 1.95168e-011 2.50204e-011 4.28051e-023 8.17698e-016 -5.51239e-022 0.00224933 2.79732e-007 1.95168e-011 2.50204e-011 4.28051e-023 8.17698e-016 -5.51239e-022 0 0 226 225 0 0 0 226 226 226 0 0 0 220 225 224 0 0 0 218 218 220 0 0 0 213 224 224 0 0 0 212 247 218 0 0 0 0 0 0 0 0 0 0 0 0 0 0 0 0 2 0 0 0 0 0 1 0 0 0 0 0 0 0 0 0 0 0 0 0 0 0 226 226 0 220 225 0 215 247 0 0 0 0 0 0 0 0 0 0 226 226 247 224 0 0 0 0 226 247 0 0 247 226 0 0 247 0
4 0.00227888 2.85374e-007 2.35501e-011 2.96437e-011 9.07302e-023 3.50419e-016 -7.77965e-022 0.00227888 2.85374e-007 2.35501e-011 2.96437e-011 9.07302e-023 3.50419e-016 -7.77965e-022 0 0 217 218 0 0 0 222 222 213 0 0 0 218 217 210 0 0 0 215 215 206 0 0 0 212 220 212 0 0 0 210 217 208 0 0 0 0 0 0 0 0 0 0 0 0 0 0 0 0 3 0 0 0 0 0 2 0 0 0 0 0 0 0 0 0 0 0 0 0 0 0 222 222 0 218 217 0 212 220 0 0 0 0 0 0 0 0 0 0 222 218 220 212 0 0 0 0 222 220 0 0 222 218 0 0 222 0
4 0.00222048 2.8338e-007 1.65634e-011 2.56408e-011 7.09663e-023 1.12032e-015 -5.23625e-022 0.00222048 2.8338e-007 1.65634e-011 2.56408e-011 7.09663e-023 1.12032e-015 -5.23625e-022 0 0 225 215 0 0 0 225 225 213 0 0 0 217 217 210 0 0 0 215 215 208 0 0 0 213 217 213 0 0 0 208 213 206 0 0 0 0 0 0 0 0 0 0 0 0 0 0 0 0 3 0 0 0 0 0 1 0 0 0 0 0 3 0 0 0 0 0 0 0 0 0 225 225 0 217 217 0 213 217 0 0 0 0 0 0 0 0 0 0 225 215 217 213 0 0 0 0 225 217 0 0 225 215 0 0 225 0
4 0.00259366 6.22321e-008 1.33308e-010 1.82317e-010 -2.83505e-020 -4.47205e-014 -2.025e-021 0.00259366 6.22321e-008 1.33308e-010 1.82317e-010 -2.83505e-020 -4.47205e-014 -2.025e-021 0 0 213 199 0 0 0 0 220 201 0 0 0 0 218 204 0 0 0 0 218 203 0 0 0 0 218 206 0 0 0 0 224 208 0 0 0 0 0 0 0 0 0 0 0 0 0 0 0 0 0 0 0 0 0 0 0 0 0 0 0 0 0 0 0 0 0 0 0 0 0 0 0 220 0 0 218 0 0 224 247 0 0 0 0 0 0 0 0 0 220 204 224 251 0 0 0 0 220 251 0 0 224 251 0 0 251 0
4 0.00300609 1.97355e-007 1.72093e-010 5.36701e-010 -1.62969e-019 -2.34455e-013 6.78707e-021 0.00300609 1.97355e-007 1.72093e-010 5.36701e-010 -1.62969e-019 -2.34455e-013 6.78707e-021 0 0 224 222 0 0 0 0 222 217 0 0 0 0 215 215 0 0 0 0 215 218 0 0 0 0 220 217 0 0 251 0 234 230 0 247 0 0 0 0 0 0 0 0 0 0 0 0 0 0 0 0 0 0 0 0 0 0 0 0 0 0 0 0 0 0 0 0 0 0 0 0 0 224 0 0 218 0 251 234 251 0 0 0 0 0 0 0 0 0 224 220 251 251 0 0 0 0 224 251 0 0 251 251 0 0 251 0
5 0.0021996 3.43071e-007 9.00683e-012 2.16662e-011 2.3404e-022 7.73098e-015 -1.91914e-022 0.0021996 3.43071e-007 9.00683e-012 2.16662e-011 2.3404e-022 7.73098e-015 -1.91914e-022 0 224 229 0 0 0 0 243 241 245 0 0 0 245 245 247 123 0 0 239 245 247 123 0 0 232 233 247 127 0 0 76 234 222 151 0 0 0 0 0 0 0 0 0 0 0 0 0 0 0 1 0 0 0 0 0 0 0 0 0 0 0 0 117 0 0 0 0 0 0 0 0 243 245 0 245 247 123 232 247 149 0 0 0 0 0 0 0 0 0 245 247 245 247 0 0 0 0 247 247 0 0 245 247 0 0 247 0
5 0.00217329 3.33262e-007 1.56518e-011 3.83242e-011 7.35881e-022 1.61497e-014 -5.82663e-022 0.00217329 3.33262e-007 1.56518e-011 3.83242e-011 7.35881e-022 1.61497e-014 -5.82663e-022 0 0 226 0 0 0 0 239 239 241 0 0 0 241 243 247 118 0 0 233 245 247 121 0 0 225 233 245 121 0 0 0 239 227 142 0 0 0 0 0 0 0 0 0 0 0 0 0 0 0 0 0 0 0 0 0 0 31 0 0 0 0 0 111 0 0 0 0 0 0 0 0 239 241 0 241 247 121 225 245 140 0 0 0 0 0 0 0 0 0 243 247 245 247 0 0 0 0 247 247 0 0 245 247 0 0 247 0
5 0.00220053 3.33455e-007 1.69326e-011 4.00739e-011 8.02032e-022 1.58554e-014 -6.68169e-022 0.00220053 3.33455e-007 1.69326e-011 4.00739e-011 8.02032e-022 1.58554e-014 -6.68169e-022 0 0 227 0 0 0 0 247 239 241 0 0 0 243 241 245 119 0 0 234 245 241 119 0 0 226 238 231 121 0 0 0 239 231 146 0 0 0 0 0 0 0 0 0 0 0 0 0 0 0 0 0 0 0 0 0 0 3 0 0 0 0 0 89 0 0 0 0 0 0 0 0 247 241 0 243 245 119 226 239 146 0 0 0 0 0 0 0 0 0 247 245 245 241 0 0 0 0 247 245 0 0 247 245 0 0 247 0
5 0.00220538 3.3826e-007 1.46582e-011 2.95214e-011 3.91665e-022 1.10642e-014 -4.73e-022 0.00220538 3.3826e-007 1.46582e-011 2.95214e-011 3.91665e-022 1.10642e-014 -4.73e-022 0 217 225 0 0 0 0 239 238 236 0 0 0 239 241 247 114 0 0 238 241 247 119 0 0 234 238 247 123 0 0 0 239 232 151 0 0 0 0 0 0 0 0 0 0 0 0 0 0 0 0 0 0 0 0 0 0 33 0 0 0 0 0 110 0 0 0 0 0 0 0 0 239 238 0 239 247 119 234 247 151 0 0 0 0 0 0 0 0 0 241 247 241 247 0 0 0 0 247 247 0 0 241 247 0 0 247 0
5 0.00216651 3.20837e-007 1.89991e-011 4.77033e-011 1.25789e-021 2.2013e-014 -6.92911e-022 0.00216651 3.20837e-007 1.89991e-011 4.77033e-011 1.25789e-021 2.2013e-014 -6.92911e-022 0 0 227 0 0 0 0 238 241 245 0 0 0 239 243 247 120 0 0 238 245 247 123 0 0 222 234 237 125 0 0 76 239 236 153 0 0 0 0 0 0 0 0 0 0 0 0 0 0 0 0 0 0 0 0 0 0 0 0 0 0 0 0 114 0 0 0 0 0 0 0 0 238 245 0 239 247 123 222 239 153 0 0 0 0 0 0 0 0 0 245 247 245 247 0 0 0 0 247 247 0 0 245 247 0 0 247 0
5 0.00212034 3.18984e-007 2.20985e-011 6.09022e-011 1.43583e-021 2.3709e-014 -1.7118e-021 0.00212034 3.18984e-007 2.20985e-011 6.09022e-011 1.43583e-021 2.3709e-014 -1.7118e-021 0 0 225 0 0 0 0 239 239 241 121 0 0 245 247 247 126 0 0 245 243 247 128 0 0 227 241 245 128 0 0 0 238 232 153 0 0 0 0 0 0 0 0 0 0 0 0 0 0 0 0 0 0 0 0 0 0 34 0 0 0 0 0 79 0 0 0 0 0 0 0 0 239 241 121 245 247 128 227 245 144 0 0 0 0 0 0 0 0 0 247 247 245 247 0 0 0 0 247 247 0 0 247 247 0 0 247 0
5 0.00222239 3.55734e-007 1.56988e-011 4.11255e-011 8.67549e-022 1.69225e-014 -5.82499e-022 0.00222239 3.55734e-007 1.56988e-011 4.11255e-011 8.67549e-022 1.69225e-014 -5.82499e-022 0 0 231 0 0 0 0 241 241 241 0 0 0 245 247 247 126 0 0 245 245 247 130 0 0 233 232 247 128 0 0 0 236 222 154 0 0 0 0 0 0 0 0 0 0 0 0 0 0 0 0 0 0 0 0 0 0 0 0 0 0 0 0 70 0 0 0 0 0 0 0 0 241 241 0 245 247 130 233 247 153 0 0 0 0 0 0 0 0 0 247 247 245 247 0 0 0 0 247 247 0 0 247 247 0 0 247 0
5 0.00214958 3.30911e-007 3.59865e-011 1.10419e-010 3.82524e-021 4.59405e-014 -5.8151e-021 0.00214958 3.30911e-007 3.59865e-011 1.10419e-010 3.82524e-021 4.59405e-014 -5.8151e-021 0 0 224 0 0 0 0 241 236 239 0 0 0 241 245 247 130 0 0 239 245 247 161 0 139 239 238 247 167 0 0 0 245 232 175 0 0 0 0 0 0 0 0 0 0 0 0 0 0 0 0 0 0 0 0 0 0 0 0 0 0 0 0 61 0 0 0 0 0 0 0 0 241 239 0 241 247 161 239 247 173 0 0 0 0 0 0 0 0 0 245 247 245 247 0 0 0 0 247 247 0 0 245 247 0 0 247 0
5 0.00307817 6.60578e-007 4.5697e-010 1.77721e-009 1.00236e-018 1.17731e-012 -1.24914e-018 0.00307817 6.60578e-007 4.5697e-010 1.77721e-009 1.00236e-018 1.17731e-012 -1.24914e-018 0 0 222 218 0 0 0 0 234 236 0 0 0 215 218 241 133 132 0 213 220 241 171 133 0 0 218 233 173 132 248 0 231 227 173 251 0 0 0 0 0 0 0 0 0 0 0 0 0 0 0 0 0 0 0 0 0 0 0 0 0 0 0 0 126 0 0 0 0 163 0 0 0 236 0 216 241 170 248 233 251 0 0 0 0 0 0 0 0 0 234 241 248 251 0 0 0 0 241 251 0 0 248 251 0 0 251 0
5 0.00322196 1.05323e-006 2.32171e-010 1.93117e-009 3.96921e-019 1.83996e-012 -1.23068e-018 0.00322196 1.05323e-006 2.32171e-010 1.93117e-009 3.96921e-019 1.83996e-012 -1.23068e-018 0 0 229 227 0 0 0 0 241 239 0 0 0 0 238 245 0 0 0 234 239 232 185 149 0 0 236 227 185 139 251 0 236 224 187 251 0 0 0 0 0 0 0 0 0 0 0 0 0 0 0 0 0 0 0 0 0 0 0 0 0 0 0 0 131 0 0 0 0 0 130 0 0 241 0 234 245 185 251 236 251 0 0 0 0 0 0 0 0 0 241 245 251 251 0 0 0 0 245 251 0 0 251 251 0 0 251 0
5 0.00322196 1.05323e-006 2.32171e-010 1.93117e-009 3.96921e-019 1.83996e-012 -1.23068e-018 0.00322196 1.05323e-006 2.32171e-010 1.93117e-009 3.96921e-019 1.83996e-012 -1.23068e-018 0 0 229 227 0 0 0 0 241 239 0 0 0 0 238 245 0 0 0 234 239 232 185 149 0 0 236 227 185 139 251 0 236 224 187 251 0 0 0 0 0 0 0 0 0 0 0 0 0 0 0 0 0 0 0 0 0 0 0 0 0 0 0 0 131 0 0 0 0 0 130 0 0 241 0 234 245 185 251 236 251 0 0 0 0 0 0 0 0 0 241 245 251 251 0 0 0 0 245 251 0 0 251 251 0 0 251 0
5 0.00288276 1.08573e-006 1.90992e-010 1.13449e-009 -1.55365e-019 1.1288e-012 -5.04721e-019 0.00288276 1.08573e-006 1.90992e-010 1.13449e-009 -1.55365e-019 1.1288e-012 -5.04721e-019 0 0 231 224 0 0 0 233 239 241 0 0 0 234 236 239 176 0 0 234 236 233 178 149 0 234 227 226 185 149 251 0 231 220 184 140 0 0 0 0 0 0 0 0 0 0 0 0 0 0 2 0 0 0 0 0 1 1 0 0 0 0 0 0 133 0 0 0 0 0 131 0 233 241 0 234 239 178 251 231 183 0 0 0 0 0 0 0 0 0 241 239 251 251 0 0 0 0 241 251 0 0 251 251 0 0 251 0
5 0.00301087 6.59493e-007 4.4576e-010 1.96301e-009 1.33721e-018 1.27432e-012 -1.25846e-018 0.00301087 6.59493e-007 4.4576e-010 1.96301e-009 1.33721e-018 1.27432e-012 -1.25846e-018 0 0 218 215 0 0 0 0 233 238 0 0 0 212 218 245 140 141 0 208 212 245 177 140 0 0 220 247 176 139 251 0 234 227 176 251 0 0 0 0 0 0 0 0 0 0 0 0 0 0 0 0 0 0 0 0 0 0 0 0 0 0 0 4 132 0 0 0 0 160 133 0 0 238 0 212 245 176 251 247 251 0 0 0 0 0 0 0 0 0 233 245 251 251 0 0 0 0 245 251 0 0 251 251 0 0 251 0
5 0.00264771 5.15403e-007 4.01494e-010 1.59072e-009 1.09396e-018 1.03032e-012 -6.47533e-019 0.00264771 5.15403e-007 4.01494e-010 1.59072e-009 1.09396e-018 1.03032e-012 -6.47533e-019 0 0 222 220 0 0 0 0 232 236 132 0 0 218 220 238 160 133 0 218 225 238 165 130 0 204 218 233 168 130 251 0 228 225 165 251 0 0 0 0 0 0 0 0 0 0 0 0 0 0 0 0 0 0 0 0 0 3 125 0 0 0 0 5 125 0 0 0 0 154 0 0 0 236 132 218 238 165 251 233 251 0 0 0 0 0 0 0 0 0 232 238 251 251 0 0 0 0 238 251 0 0 251 251 0 0 251 0
5 0.00217796 3.35541e-007 1.56912e-011 4.30287e-011 7.59013e-022 1.37924e-014 -8.20953e-022 0.00217796 3.35541e-007 1.56912e-011 4.30287e-011 7.59013e-022 1.37924e-014 -8.20953e-022 0 0 224 0 0 0 0 241 245 245 0 0 0 245 245 247 123 0 0 245 243 247 128 0 0 239 241 247 130 0 0 0 247 233 153 0 0 0 0 0 0 0 0 0 0 0 0 0 0 0 0 0 0 0 0 0 0 0 0 0 0 0 0 66 0 0 0 0 0 119 0 0 241 245 0 245 247 128 239 247 153 0 0 0 0 0 0 0 0 0 247 247 247 247 0 0 0 0 247 247 0 0 247 247 0 0 247 0
5 0.00213296 3.14324e-007 1.85614e-011 3.94384e-011 7.96579e-022 1.35098e-014 -7.09968e-022 0.00213296 3.14324e-007 1.85614e-011 3.94384e-011 7.96579e-022 1.35098e-014 -7.09968e-022 0 0 229 0 0 0 0 247 245 239 123 0 0 247 247 247 126 0 0 245 241 247 128 0 0 234 245 241 134 0 0 0 245 234 158 0 0 0 0 0 0 0 0 0 0 0 0 0 0 0 0 0 0 0 0 0 0 37 0 0 0 0 0 67 0 0 0 0 0 121 0 0 247 245 123 247 247 128 234 245 158 0 0 0 0 0 0 0 0 0 247 247 245 247 0 0 0 0 247 247 0 0 247 247 0 0 247 0
5 0.0021825 3.35188e-007 2.07395e-011 5.51977e-011 1.08532e-021 1.7672e-014 -1.51985e-021 0.0021825 3.35188e-007 2.07395e-011 5.51977e-011 1.08532e-021 1.7672e-014 -1.51985e-021 0 0 227 0 0 0 0 245 241 247 0 0 0 243 247 247 126 0 0 238 245 247 134 0 0 226 238 247 142 0 0 0 245 232 153 0 0 0 0 0 0 0 0 0 0 0 0 0 0 0 0 0 0 0 0 0 0 0 0 0 0 0 0 85 0 0 0 0 0 0 0 0 245 247 0 243 247 133 226 247 153 0 0 0 0 0 0 0 0 0 247 247 245 247 0 0 0 0 247 247 0 0 247 247 0 0 247 0
5 0.00311388 5.47403e-007 4.55565e-010 1.28363e-009 6.59496e-019 7.07446e-013 -7.2706e-019 0.00311388 5.47403e-007 4.55565e-010 1.28363e-009 6.59496e-019 7.07446e-013 -7.2706e-019 0 227 237 0 0 0 0 241 247 241 0 0 0 241 234 239 121 121 0 238 241 238 158 120 0 238 229 224 155 0 0 0 233 204 151 0 0 0 0 0 0 0 0 0 0 0 0 0 0 0 2 0 0 0 0 0 0 0 0 0 0 0 0 131 0 0 0 0 0 126 0 0 241 247 0 241 241 158 238 233 154 0 0 0 0 0 0 0 0 0 247 241 241 251 0 0 0 0 247 251 0 0 247 251 0 0 251 0
5 0.00308328 8.22295e-007 3.79321e-010 1.9376e-009 4.64751e-019 1.43586e-012 -1.59477e-018 0.00308328 8.22295e-007 3.79321e-010 1.9376e-009 4.64751e-019 1.43586e-012 -1.59477e-018 0 0 222 217 0 0 0 0 234 239 0 0 0 217 220 241 0 0 0 215 224 241 182 134 0 0 220 232 180 135 251 0 232 227 178 251 0 0 0 0 0 0 0 0 0 0 0 0 0 0 0 0 0 0 0 0 0 0 0 0 0 0 0 0 130 0 0 0 0 168 131 0 0 239 0 217 241 180 251 232 251 0 0 0 0 0 0 0 0 0 234 241 251 251 0 0 0 0 241 251 0 0 251 251 0 0 251 0
6 0.00416782 6.06455e-007 5.75842e-010 5.3158e-010 -1.91401e-019 -2.67938e-013 2.23303e-019 0.00416782 6.06455e-007 5.75842e-010 5.3158e-010 -1.91401e-019 -2.67938e-013 2.23303e-019 0 0 199 199 0 0 0 0 217 213 0 0 0 0 218 211 0 0 0 0 218 212 0 0 0 203 226 222 0 0 0 199 227 231 0 0 0 0 0 0 0 0 0 0 0 0 0 0 0 0 0 0 0 0 0 0 0 0 0 0 0 0 0 0 0 0 0 0 0 0 0 0 0 217 0 0 218 0 203 231 0 0 0 0 0 0 0 0 0 0 218 213 227 231 0 0 0 0 218 231 0 0 227 231 0 0 231 0
6 0.00419204 6.26056e-007 7.63232e-010 7.29184e-010 -3.19041e-019 -2.55931e-013 4.40601e-019 0.00419204 6.26056e-007 7.63232e-010 7.29184e-010 -3.19041e-019 -2.55931e-013 4.40601e-019 0 0 203 204 0 0 0 0 218 217 0 0 0 0 218 213 0 0 0 208 220 211 0 0 0 217 226 218 0 0 0 203 226 223 0 0 0 0 0 0 0 0 0 0 0 0 0 0 0 0 0 0 0 0 0 0 0 0 0 0 0 0 31 0 0 0 0 0 14 0 0 0 0 218 0 210 220 0 217 226 0 0 0 0 0 0 0 0 0 0 218 217 226 223 0 0 0 0 218 226 0 0 226 223 0 0 226 0
6 0.00432894 7.32396e-007 8.0571e-010 6.62442e-010 -1.74448e-019 -1.09768e-013 4.51428e-019 0.00432894 7.32396e-007 8.0571e-010 6.62442e-010 -1.74448e-019 -1.09768e-013 4.51428e-019 0 0 199 201 0 0 0 0 215 212 0 0 0 0 217 210 0 0 0 208 212 208 0 0 0 204 218 216 0 0 0 197 229 216 0 0 0 0 0 0 0 0 0 0 0 0 0 0 0 0 0 0 0 0 0 0 0 0 0 0 0 0 8 0 0 0 0 0 15 0 0 0 0 215 0 208 217 0 204 229 0 0 0 0 0 0 0 0 0 0 217 212 229 216 0 0 0 0 217 229 0 0 229 216 0 0 229 0
6 0.00429586 7.53953e-007 8.83466e-010 7.72758e-010 -6.0469e-020 6.5303e-014 6.3563e-019 0.00429586 7.53953e-007 8.83466e-010 7.72758e-010 -6.0469e-020 6.5303e-014 6.3563e-019 0 0 199 201 0 0 0 0 217 212 0 0 0 0 217 211 0 0 0 208 213 210 0 0 0 204 217 218 0 0 0 196 222 222 0 0 0 0 0 0 0 0 0 0 0 0 0 0 0 0 0 0 0 0 0 0 0 0 0 0 0 0 22 0 0 0 0 0 16 0 0 0 0 217 0 208 217 0 204 222 0 0 0 0 0 0 0 0 0 0 217 212 222 222 0 0 0 0 217 222 0 0 222 222 0 0 222 0
6 0.0043547 7.84316e-007 9.07484e-010 7.25815e-010 1.56675e-020 1.14717e-013 5.8885e-019 0.0043547 7.84316e-007 9.07484e-010 7.25815e-010 1.56675e-020 1.14717e-013 5.8885e-019 0 0 199 199 0 0 0 0 215 212 0 0 0 203 215 210 0 0 0 210 212 208 0 0 0 203 218 220 0 0 0 197 220 220 0 0 0 0 0 0 0 0 0 0 0 0 0 0 0 0 0 0 0 0 0 0 194 0 0 0 0 0 23 0 0 0 0 0 13 0 0 0 0 215 0 210 215 0 203 220 0 0 0 0 0 0 0 0 0 0 215 212 220 220 0 0 0 0 215 220 0 0 220 220 0 0 220 0
6 0.0044228 8.46116e-007 8.26048e-010 6.69192e-010 -2.59162e-020 4.93759e-014 4.96865e-019 0.0044228 8.46116e-007 8.26048e-010 6.69192e-010 -2.59162e-020 4.93759e-014 4.96865e-019 0 0 201 199 0 0 0 0 217 213 0 0 0 0 215 212 0 0 0 211 217 211 0 0 0 205 218 218 0 0 0 199 225 220 0 0 0 0 0 0 0 0 0 0 0 0 0 0 0 0 0 0 0 0 0 0 0 0 0 0 0 0 21 0 0 0 0 0 14 0 0 0 0 217 0 211 217 0 205 225 0 0 0 0 0 0 0 0 0 0 217 213 225 220 0 0 0 0 217 225 0 0 225 220 0 0 225 0
6 0.00409731 6.30142e-007 7.34094e-010 9.43891e-010 -2.16684e-019 -3.06968e-013 7.55234e-019 0.00409731 6.30142e-007 7.34094e-010 9.43891e-010 -2.16684e-019 -3.06968e-013 7.55234e-019 0 0 0 0 0 0 0 0 206 203 0 0 0 0 220 212 0 0 0 220 222 220 0 0 0 217 229 223 0 0 0 213 226 224 0 0 0 0 0 0 0 0 0 0 0 0 0 0 0 0 0 0 0 0 0 0 38 0 0 0 0 0 21 0 0 0 0 0 5 0 0 0 0 206 0 220 222 0 217 229 0 0 0 0 0 0 0 0 0 0 220 212 229 224 0 0 0 0 220 229 0 0 229 224 0 0 229 0
6 0.00397796 5.38937e-007 7.70941e-010 8.72831e-010 -4.32177e-019 -4.48771e-013 5.70843e-019 0.00397796 5.38937e-007 7.70941e-010 8.72831e-010 -4.32177e-019 -4.48771e-013 5.70843e-019 0 0 0 0 0 0 0 0 203 196 0 0 0 215 218 211 0 0 0 217 224 225 0 0 0 218 226 227 0 0 0 208 226 225 0 0 0 0 0 0 0 0 0 0 0 0 0 0 0 0 0 0 0 0 0 0 32 0 0 0 0 0 10 0 0 0 0 0 3 0 0 0 0 203 0 217 225 0 218 227 0 0 0 0 0 0 0 0 0 0 218 211 226 227 0 0 0 0 218 227 0 0 226 227 0 0 227 0
6 0.00429475 7.88636e-007 7.04976e-010 8.19677e-010 -3.1664e-019 -4.25976e-013 5.36639e-019 0.00429475 7.88636e-007 7.04976e-010 8.19677e-010 -3.1664e-019 -4.25976e-013 5.36639e-019 0 0 0 0 0 0 0 0 187 0 0 0 0 211 208 204 0 0 0 222 225 224 0 0 0 215 227 227 0 0 0 212 232 224 0 0 0 0 0 0 0 0 0 0 0 0 0 0 0 0 0 0 0 0 0 0 192 0 0 0 0 0 21 0 0 0 0 0 4 0 0 0 0 187 0 222 225 0 215 232 0 0 0 0 0 0 0 0 0 0 211 204 232 227 0 0 0 0 211 232 0 0 232 227 0 0 232 0
6 0.00441068 9.91643e-007 6.82541e-010 7.12912e-010 1.81257e-020 7.52004e-014 4.96969e-019 0.00441068 9.91643e-007 6.82541e-010 7.12912e-010 1.81257e-020 7.52004e-014 4.96969e-019 0 0 0 0 0 0 0 0 199 197 0 0 0 215 213 211 0 0 0 222 226 220 0 0 0 217 224 222 0 0 0 208 225 210 0 0 0 0 0 0 0 0 0 0 0 0 0 0 0 0 0 0 0 0 0 0 36 0 0 0 0 0 18 0 0 0 0 0 1 0 0 0 0 199 0 222 226 0 217 225 0 0 0 0 0 0 0 0 0 0 215 211 226 222 0 0 0 0 215 226 0 0 226 222 0 0 226 0
6 0.004499 8.22973e-007 6.00788e-010 3.35652e-010 -4.65088e-020 -1.66947e-013 1.43373e-019 0.004499 8.22973e-007 6.00788e-010 3.35652e-010 -4.65088e-020 -1.66947e-013 1.43373e-019 0 0 204 208 0 0 0 0 229 217 0 0 0 0 231 218 0 0 0 0 234 217 0 0 0 222 239 218 0 0 0 229 231 227 0 0 0 0 0 0 0 0 0 0 0 0 0 0 0 0 0 0 0 0 0 0 0 0 0 0 0 0 0 0 0 0 0 0 0 0 0 0 0 229 0 0 234 0 229 239 0 0 0 0 0 0 0 0 0 0 231 218 239 227 0 0 0 0 231 239 0 0 239 227 0 0 239 0
6 0.00446743 8.67584e-007 5.09415e-010 2.78195e-010 -4.37894e-020 -1.37281e-013 9.51331e-020 0.00446743 8.67584e-007 5.09415e-010 2.78195e-010 -4.37894e-020 -1.37281e-013 9.51331e-020 0 0 210 217 0 0 0 0 232 224 0 0 0 0 231 220 0 0 0 224 227 218 0 0 0 224 229 220 0 0 251 222 231 220 0 251 0 0 0 0 0 0 0 0 0 0 0 0 0 0 0 0 0 0 0 0 0 0 0 0 0 0 8 0 0 0 0 0 7 0 0 0 0 232 0 225 231 0 251 231 251 0 0 0 0 0 0 0 0 0 232 224 251 251 0 0 0 0 232 251 0 0 251 251 0 0 251 0
6 0.00381619 4.83737e-007 4.83624e-010 5.5427e-010 -2.14353e-019 -3.10169e-013 1.908e-019 0.00381619 4.83737e-007 4.83624e-010 5.5427e-010 -2.14353e-019 -3.10169e-013 1.908e-019 0 0 211 213 0 0 0 0 226 218 0 0 0 0 234 226 0 0 0 0 239 236 0 0 0 0 247 237 0 0 245 0 232 233 0 0 0 0 0 0 0 0 0 0 0 0 0 0 0 0 0 0 0 0 0 0 0 0 0 0 0 0 0 0 0 0 0 0 0 0 0 0 0 226 0 0 239 0 245 247 0 0 0 0 0 0 0 0 0 0 234 226 247 251 0 0 0 0 234 251 0 0 247 251 0 0 251 0
6 0.00394364 5.0114e-007 6.74007e-010 7.14586e-010 -8.81779e-020 -1.49291e-013 4.88021e-019 0.00394364 5.0114e-007 6.74007e-010 7.14586e-010 -8.81779e-020 -1.49291e-013 4.88021e-019 0 0 190 194 0 0 0 0 208 199 0 0 0 0 216 203 0 0 0 0 222 208 0 0 0 212 224 209 0 0 251 210 225 206 0 251 0 0 0 0 0 0 0 0 0 0 0 0 0 0 0 0 0 0 0 0 0 0 0 0 0 0 0 0 0 0 0 0 5 0 0 0 0 208 0 0 222 0 251 225 251 0 0 0 0 0 0 0 0 0 216 203 251 251 0 0 0 0 216 251 0 0 251 251 0 0 251 0
6 0.00477543 1.31073e-006 3.45657e-010 2.00758e-010 4.32512e-021 -2.56707e-014 5.2708e-020 0.00477543 1.31073e-006 3.45657e-010 2.00758e-010 4.32512e-021 -2.56707e-014 5.2708e-020 0 0 0 0 0 0 0 0 194 194 0 0 0 208 211 213 0 0 0 211 222 220 0 0 0 208 234 229 0 0 0 208 229 208 0 0 0 0 0 0 0 0 0 0 0 0 0 0 0 0 0 0 0 0 0 0 24 0 0 0 0 0 5 0 0 0 0 0 7 0 0 0 0 194 0 211 222 0 208 234 0 0 0 0 0 0 0 0 0 0 211 213 234 229 0 0 0 0 213 234 0 0 234 229 0 0 234 0
6 0.00433315 9.01219e-007 7.23259e-010 6.33546e-010 -1.34148e-019 -7.15619e-014 4.07338e-019 0.00433315 9.01219e-007 7.23259e-010 6.33546e-010 -1.34148e-019 -7.15619e-014 4.07338e-019 0 0 0 0 0 0 0 0 206 208 0 0 0 215 215 215 0 0 0 215 224 213 0 0 0 208 231 227 0 0 0 211 229 220 0 0 0 0 0 0 0 0 0 0 0 0 0 0 0 0 0 0 0 0 0 0 33 0 0 0 0 0 21 0 0 0 0 0 3 0 0 0 0 208 0 215 224 0 211 231 0 0 0 0 0 0 0 0 0 0 215 215 231 227 0 0 0 0 215 231 0 0 231 227 0 0 231 0
6 0.0045685 1.09563e-006 6.5705e-010 6.0689e-010 4.62302e-020 9.04543e-014 3.80436e-019 0.0045685 1.09563e-006 6.5705e-010 6.0689e-010 4.62302e-020 9.04543e-014 3.80436e-019 0 0 0 0 0 0 0 0 194 191 0 0 0 211 210 208 0 0 0 212 222 218 0 0 0 212 232 227 0 0 0 202 231 231 0 0 0 0 0 0 0 0 0 0 0 0 0 0 0 0 0 0 0 0 0 0 30 0 0 0 0 0 13 0 0 0 0 0 0 0 0 0 0 194 0 212 222 0 212 232 0 0 0 0 0 0 0 0 0 0 211 208 232 231 0 0 0 0 211 232 0 0 232 231 0 0 232 0
6 0.0038934 5.10069e-007 4.6422e-010 4.66817e-010 -1.51851e-019 -2.55663e-013 1.55452e-019 0.0038934 5.10069e-007 4.6422e-010 4.66817e-010 -1.51851e-019 -2.55663e-013 1.55452e-019 0 0 210 215 0 0 0 0 226 220 0 0 0 0 233 229 0 0 0 0 239 232 0 0 0 0 241 236 0 0 0 0 236 238 0 0 0 0 0 0 0 0 0 0 0 0 0 0 0 0 0 0 0 0 0 0 0 0 0 0 0 0 0 0 0 0 0 0 0 0 0 0 0 226 0 0 239 0 0 241 0 0 0 0 0 0 0 0 0 0 233 229 241 249 0 0 0 0 233 249 0 0 241 249 0 0 249 0
6 0.00430823 7.07635e-007 5.03311e-010 3.88869e-010 -6.06507e-020 -1.48743e-013 1.60992e-019 0.00430823 7.07635e-007 5.03311e-010 3.88869e-010 -6.06507e-020 -1.48743e-013 1.60992e-019 0 0 208 215 0 0 0 0 233 220 0 0 0 0 233 217 0 0 0 0 231 215 0 0 0 222 239 215 0 0 249 227 236 218 0 251 0 0 0 0 0 0 0 0 0 0 0 0 0 0 0 0 0 0 0 0 0 0 0 0 0 0 0 0 0 0 0 0 7 0 0 0 0 233 0 0 233 0 249 239 251 0 0 0 0 0 0 0 0 0 233 220 249 251 0 0 0 0 233 251 0 0 249 251 0 0 251 0
7 0.0021943 2.39534e-007 1.0603e-010 1.51669e-011 5.39055e-022 -6.76194e-015 2.81683e-022 0.0021943 2.39534e-007 1.0603e-010 1.51669e-011 5.39055e-022 -6.76194e-015 2.81683e-022 215 217 213 208 208 205 206 220 220 218 208 198 203 220 217 218 204 196 192 213 213 213 191 190 0 215 208 208 0 0 247 214 215 202 0 0 0 0 0 0 0 0 0 197 0 0 0 0 0 0 4 0 0 0 0 0 2 0 0 0 0 0 0 0 0 0 0 0 0 0 0 0 220 220 208 220 218 204 247 215 0 0 0 0 0 0 0 0 0 0 220 218 247 211 0 0 0 0 220 247 0 0 247 218 0 0 247 0
7 0.00181628 3.0534e-007 5.83553e-011 4.71801e-012 2.90882e-023 -1.3934e-015 7.26803e-023 0.00181628 3.0534e-007 5.83553e-011 4.71801e-012 2.90882e-023 -1.3934e-015 7.26803e-023 210 213 215 217 220 217 199 220 225 229 215 206 198 224 225 224 210 201 196 217 224 217 201 0 194 217 215 212 196 0 247 216 222 208 0 0 0 0 0 0 0 0 0 192 0 0 0 0 0 0 0 15 0 0 0 0 0 0 0 0 0 0 0 0 0 0 0 0 9 0 0 0 220 229 220 224 225 210 247 222 196 0 0 0 0 0 0 0 0 0 225 229 247 215 0 0 0 0 229 247 0 0 247 229 0 0 247 0
7 0.00197521 3.0176e-007 7.47271e-011 2.40342e-011 3.88124e-023 -8.89183e-015 -1.01781e-021 0.00197521 3.0176e-007 7.47271e-011 2.40342e-011 3.88124e-023 -8.89183e-015 -1.01781e-021 206 213 215 222 222 215 201 220 227 226 218 212 201 225 225 229 215 210 199 220 220 217 211 0 191 212 215 215 204 0 247 217 243 210 0 0 0 0 0 0 0 0 0 197 2 0 0 0 0 0 2 14 0 0 0 0 2 0 0 0 0 0 2 0 0 0 0 0 0 0 0 0 220 227 222 225 229 215 247 243 204 0 0 0 0 0 0 0 0 0 227 229 247 215 0 0 0 0 229 247 0 0 247 229 0 0 247 0
7 0.00209957 2.03177e-007 1.17127e-010 9.74772e-012 1.16453e-022 -2.76248e-015 3.08096e-022 0.00209957 2.03177e-007 1.17127e-010 9.74772e-012 1.16453e-022 -2.76248e-015 3.08096e-022 213 220 220 222 220 194 206 225 231 229 215 195 204 227 231 232 212 194 187 224 225 222 197 0 0 218 218 213 0 0 0 217 224 210 0 0 0 0 0 0 0 0 0 201 2 0 0 0 0 0 5 0 0 0 0 0 4 0 0 0 0 0 3 0 0 0 0 0 10 0 0 0 225 231 220 227 232 211 218 224 0 0 0 0 0 0 0 0 0 0 231 232 225 222 0 0 0 0 232 225 0 0 231 232 0 0 232 0
7 0.00207888 2.03033e-007 1.02e-010 1.57156e-011 4.56356e-022 -5.91403e-015 4.33186e-022 0.00207888 2.03033e-007 1.02e-010 1.57156e-011 4.56356e-022 -5.91403e-015 4.33186e-022 208 220 220 225 224 212 208 225 233 232 222 212 206 229 233 232 215 208 0 220 224 222 201 0 0 218 218 217 0 0 0 218 225 215 0 0 0 0 0 0 0 0 0 201 3 0 0 0 0 0 5 0 0 0 0 0 5 0 0 0 0 0 3 0 0 0 0 0 0 0 0 0 225 233 224 229 233 215 218 225 0 0 0 0 0 0 0 0 0 0 233 232 225 222 0 0 0 0 233 225 0 0 233 232 0 0 233 0
7 0.00185941 2.87808e-007 5.77156e-011 7.28406e-012 6.18617e-023 -3.41149e-015 -1.35936e-022 0.00185941 2.87808e-007 5.77156e-011 7.28406e-012 6.18617e-023 -3.41149e-015 -1.35936e-022 231 225 225 220 229 225 220 227 231 229 226 220 215 229 231 227 217 211 213 222 229 224 212 0 206 220 222 220 206 0 247 221 225 215 0 0 0 0 0 0 0 0 0 210 0 0 0 0 0 0 2 16 0 0 0 0 2 0 0 0 0 0 3 0 0 0 0 0 10 0 0 0 231 231 229 229 231 217 247 225 206 0 0 0 0 0 0 0 0 0 231 229 247 224 0 0 0 0 231 247 0 0 247 229 0 0 247 0
7 0.00195294 2.53351e-007 1.09021e-010 1.75593e-011 1.60432e-022 -6.77076e-015 -7.5134e-022 0.00195294 2.53351e-007 1.09021e-010 1.75593e-011 1.60432e-022 -6.77076e-015 -7.5134e-022 220 224 222 224 226 215 220 229 232 231 220 215 218 231 229 229 217 217 229 220 224 224 215 0 210 220 224 217 217 0 247 224 226 218 0 0 0 0 0 0 0 0 0 213 4 0 0 0 0 0 3 16 0 0 0 0 2 0 0 0 0 0 3 0 0 0 0 0 0 0 0 0 229 232 226 231 229 217 247 226 217 0 0 0 0 0 0 0 0 0 232 229 247 222 0 0 0 0 232 247 0 0 247 229 0 0 247 0
7 0.00196398 2.52198e-007 1.05806e-010 1.0078e-011 -1.71449e-022 -2.06861e-015 -2.80902e-022 0.00196398 2.52198e-007 1.05806e-010 1.0078e-011 -1.71449e-022 -2.06861e-015 -2.80902e-022 227 227 224 224 226 218 227 232 233 232 232 225 227 236 233 233 226 225 247 224 229 225 222 0 220 224 227 220 220 0 247 220 228 220 0 0 0 0 0 0 0 0 0 218 0 0 0 0 0 0 3 16 0 0 0 0 2 0 0 0 0 0 2 0 0 0 0 0 0 0 0 0 232 233 232 247 233 226 247 228 220 0 0 0 0 0 0 0 0 0 236 233 247 225 0 0 0 0 236 247 0 0 247 233 0 0 247 0
7 0.00195122 2.59472e-007 8.79025e-011 1.30749e-011 1.77391e-022 -5.74494e-015 -4.06215e-022 0.00195122 2.59472e-007 8.79025e-011 1.30749e-011 1.77391e-022 -5.74494e-015 -4.06215e-022 224 224 224 225 227 217 218 232 234 238 226 220 215 233 234 234 227 222 215 224 233 227 222 0 210 224 227 224 220 0 247 225 230 224 0 0 0 0 0 0 0 0 0 211 0 0 0 0 0 0 2 17 0 0 0 0 4 0 0 0 0 0 3 0 0 0 0 0 0 0 0 0 232 238 227 233 234 227 247 230 220 0 0 0 0 0 0 0 0 0 234 238 247 227 0 0 0 0 238 247 0 0 247 238 0 0 247 0
7 0.00248637 5.5983e-007 7.78684e-010 5.1679e-011 4.39617e-023 -2.93753e-014 -1.03669e-020 0.00248637 5.5983e-007 7.78684e-010 5.1679e-011 4.39617e-023 -2.93753e-014 -1.03669e-020 239 234 213 208 204 203 245 241 231 220 211 201 224 233 229 226 201 192 217 226 229 232 192 0 0 222 225 218 0 0 251 0 230 215 0 251 0 0 0 0 0 0 0 0 0 0 182 0 0 211 0 10 0 0 0 0 0 0 0 0 0 0 0 0 0 0 0 0 0 0 0 0 245 231 211 233 232 201 251 230 251 0 0 0 0 0 0 0 0 0 245 226 251 251 0 0 0 0 245 251 0 0 251 251 0 0 251 0
7 0.00237709 4.23912e-007 6.71027e-010 6.53739e-011 -2.78585e-021 -2.45234e-014 -1.34059e-020 0.00237709 4.23912e-007 6.71027e-010 6.53739e-011 -2.78585e-021 -2.45234e-014 -1.34059e-020 245 245 226 208 208 210 245 245 229 220 211 201 234 234 231 222 199 191 224 224 226 217 189 0 0 222 224 217 0 0 251 0 229 217 0 0 0 0 0 0 0 0 0 220 0 0 180 0 0 211 0 10 0 0 0 0 0 0 0 0 0 0 0 0 0 0 0 0 0 0 0 0 245 227 211 234 231 199 251 229 0 0 0 0 0 0 0 0 0 0 245 222 251 251 0 0 0 0 245 251 0 0 251 251 0 0 251 0
7 0.00247654 2.5408e-007 6.12462e-010 6.25771e-011 5.34931e-021 -2.99903e-014 -1.10212e-020 0.00247654 2.5408e-007 6.12462e-010 6.25771e-011 5.34931e-021 -2.99903e-014 -1.10212e-020 241 245 236 210 203 201 241 245 236 224 205 187 239 245 243 232 199 0 232 239 229 222 185 0 0 0 229 224 0 0 251 0 238 218 204 247 0 0 0 0 0 0 0 0 0 0 0 0 0 0 0 0 0 0 0 0 0 0 0 0 0 0 0 0 0 0 0 0 0 0 0 0 245 236 205 245 243 198 251 238 247 0 0 0 0 0 0 0 0 0 245 232 251 251 0 0 0 0 245 251 0 0 251 251 0 0 251 0
7 0.00219505 2.04735e-007 4.83855e-010 4.80591e-011 -2.97309e-021 1.77618e-014 6.69845e-021 0.00219505 2.04735e-007 4.83855e-010 4.80591e-011 -2.97309e-021 1.77618e-014 6.69845e-021 0 245 239 236 220 220 247 247 247 247 236 229 247 247 247 245 238 234 247 247 247 245 241 0 0 247 247 245 241 0 251 0 251 247 236 251 0 0 0 0 0 0 0 0 0 0 0 0 0 0 7 7 0 0 0 0 0 0 0 0 0 0 0 0 0 0 0 0 0 218 0 0 247 247 236 247 247 241 251 251 251 0 0 0 0 0 0 0 0 0 247 245 251 251 0 0 0 0 247 251 0 0 251 251 0 0 251 0
7 0.0023676 2.07736e-007 3.63137e-010 7.23285e-011 -8.50392e-021 -1.4387e-014 -8.06768e-021 0.0023676 2.07736e-007 3.63137e-010 7.23285e-011 -8.50392e-021 -1.4387e-014 -8.06768e-021 0 247 239 239 227 227 247 247 247 247 241 238 247 247 247 247 245 241 247 247 247 247 245 0 0 241 245 245 243 0 251 0 251 245 236 251 0 0 0 0 0 0 0 0 0 0 0 0 0 0 0 7 0 0 0 0 0 0 0 0 0 0 0 0 0 0 0 0 0 218 0 0 247 247 241 247 247 245 251 251 251 0 0 0 0 0 0 0 0 0 247 247 251 251 0 0 0 0 247 251 0 0 251 251 0 0 251 0
7 0.00193706 3.00579e-007 8.84349e-011 1.51343e-011 9.22623e-023 -6.43205e-015 -5.45934e-022 0.00193706 3.00579e-007 8.84349e-011 1.51343e-011 9.22623e-023 -6.43205e-015 -5.45934e-022 229 229 227 224 225 215 220 233 232 231 222 211 218 233 233 233 218 208 215 222 225 225 212 0 208 224 227 222 211 76 0 225 229 220 0 0 0 0 0 0 0 0 0 213 4 0 0 0 0 0 3 16 0 0 0 0 7 0 0 0 0 0 4 0 0 0 0 0 0 0 0 0 233 232 225 233 233 218 225 229 211 0 0 0 0 0 0 0 0 0 233 233 229 225 0 0 0 0 233 229 0 0 233 233 0 0 233 0
7 0.00206261 2.8024e-007 1.14283e-010 1.7135e-011 7.56195e-022 -8.95356e-015 -5.58783e-023 0.00206261 2.8024e-007 1.14283e-010 1.7135e-011 7.56195e-022 -8.95356e-015 -5.58783e-023 218 220 225 226 227 218 215 231 234 236 224 218 213 234 233 233 220 215 213 224 229 226 215 0 0 225 227 222 0 0 247 224 229 218 0 0 0 0 0 0 0 0 0 209 4 0 0 0 0 0 5 0 0 0 0 0 7 0 0 0 0 0 0 0 0 0 0 0 0 0 0 0 231 236 227 234 233 220 247 229 0 0 0 0 0 0 0 0 0 0 234 236 247 226 0 0 0 0 236 247 0 0 247 236 0 0 247 0
7 0.0019911 2.83368e-007 1.1379e-010 1.00267e-011 3.31806e-022 -5.3234e-015 -6.7885e-023 0.0019911 2.83368e-007 1.1379e-010 1.00267e-011 3.31806e-022 -5.3234e-015 -6.7885e-023 229 224 224 224 231 217 218 234 236 234 227 220 215 234 238 239 224 217 215 226 234 231 218 0 205 224 229 224 211 0 247 224 229 220 0 0 0 0 0 0 0 0 0 210 0 0 0 0 0 0 5 0 0 0 0 0 4 0 0 0 0 0 4 0 0 0 0 0 0 0 0 0 234 236 231 234 239 224 247 229 211 0 0 0 0 0 0 0 0 0 238 239 247 231 0 0 0 0 239 247 0 0 247 239 0 0 247 0
7 0.00243421 2.60328e-007 4.79026e-010 7.77738e-011 1.4639e-020 -2.95945e-014 3.32433e-021 0.00243421 2.60328e-007 4.79026e-010 7.77738e-011 1.4639e-020 -2.95945e-014 3.32433e-021 231 238 231 217 201 190 231 241 234 226 201 171 224 241 241 233 192 0 218 236 231 227 176 0 0 220 234 226 0 0 251 0 242 220 208 251 0 0 0 0 0 0 0 0 0 0 0 0 0 0 0 0 0 0 0 0 0 0 0 0 0 0 0 0 0 0 0 0 0 0 0 0 241 234 201 241 241 192 251 242 251 0 0 0 0 0 0 0 0 0 241 233 251 251 0 0 0 0 241 251 0 0 251 251 0 0 251 0
7 0.00246343 3.13678e-007 1.44437e-009 3.63979e-011 -8.07324e-021 3.71874e-015 2.11443e-021 0.00246343 3.13678e-007 1.44437e-009 3.63979e-011 -8.07324e-021 3.71874e-015 2.11443e-021 226 222 217 208 210 208 225 229 233 217 208 196 208 232 220 226 194 178 203 229 224 220 175 0 0 217 224 212 191 0 0 217 230 210 194 0 0 0 0 0 0 0 0 0 0 0 0 0 0 197 0 13 0 0 0 0 0 0 0 0 0 0 0 0 0 0 0 0 0 183 0 0 229 233 210 232 226 194 217 230 194 0 0 0 0 0 0 0 0 0 233 226 230 251 0 0 0 0 233 251 0 0 233 251 0 0 251 0
8 0.00245357 5.70648e-007 8.48166e-011 1.32648e-011 2.13082e-022 -7.27598e-015 -3.90588e-022 0.00245357 5.70648e-007 8.48166e-011 1.32648e-011 2.13082e-022 -7.27598e-015 -3.90588e-022 168 0 0 0 121 142 234 225 208 197 198 201 247 245 218 224 239 229 0 114 247 245 0 0 0 0 243 245 0 0 0 0 239 241 0 0 0 0 0 0 0 0 0 0 0 0 0 0 0 0 0 0 0 0 0 0 0 0 0 0 0 0 0 0 0 0 0 0 0 0 0 0 234 206 201 247 247 239 0 245 0 0 0 0 0 0 0 0 0 0 247 239 247 245 0 0 0 0 247 247 0 0 247 245 0 0 247 0
8 0.0023615 5.73953e-007 6.88499e-011 1.60879e-011 -8.68105e-023 -4.45807e-015 -5.28341e-022 0.0023615 5.73953e-007 6.88499e-011 1.60879e-011 -8.68105e-023 -4.45807e-015 -5.28341e-022 127 0 0 0 0 0 190 190 192 185 182 180 217 208 213 210 231 229 0 113 245 245 247 0 0 0 245 245 0 0 0 0 242 247 0 0 0 0 0 0 0 0 0 0 0 0 0 0 0 0 0 0 0 0 0 0 0 0 0 0 0 0 0 0 0 0 0 0 0 0 0 0 190 192 182 217 245 247 0 247 0 0 0 0 0 0 0 0 0 0 217 231 245 247 0 0 0 0 231 247 0 0 245 247 0 0 247 0
8 0.00241084 5.888e-007 3.64371e-011 7.08363e-012 -2.20966e-023 -3.17718e-015 1.11638e-022 0.00241084 5.888e-007 3.64371e-011 7.08363e-012 -2.20966e-023 -3.17718e-015 1.11638e-022 0 0 0 0 0 0 189 190 187 165 168 160 213 199 209 213 224 224 0 114 239 241 232 227 0 0 241 241 0 0 0 0 241 239 0 0 0 0 0 0 0 0 0 0 0 0 0 0 0 0 0 0 0 0 0 0 0 0 0 0 0 0 0 0 0 0 0 0 0 0 0 0 190 187 168 213 241 232 0 241 0 0 0 0 0 0 0 0 0 0 213 224 241 241 0 0 0 0 224 241 0 0 241 241 0 0 241 0
8 0.00241865 5.65637e-007 4.8751e-011 1.31628e-011 2.33972e-022 -8.44498e-015 -2.37564e-022 0.00241865 5.65637e-007 4.8751e-011 1.31628e-011 2.33972e-022 -8.44498e-015 -2.37564e-022 0 0 0 0 0 0 199 191 183 180 171 180 212 205 206 205 220 217 0 116 234 241 0 0 0 0 234 239 0 0 0 86 236 238 0 0 0 0 0 0 0 0 0 0 0 0 0 0 0 0 0 0 0 0 0 0 0 0 0 0 0 0 0 0 0 0 0 0 0 0 0 0 199 183 180 212 241 220 86 239 0 0 0 0 0 0 0 0 0 0 212 220 238 241 0 0 0 0 220 241 0 0 238 241 0 0 241 0
8 0.00228371 4.75289e-007 7.0082e-012 7.40509e-011 1.02866e-021 5.08226e-014 -1.33702e-021 0.00228371 4.75289e-007 7.0082e-012 7.40509e-011 1.02866e-021 5.08226e-014 -1.33702e-021 0 0 0 0 0 0 187 184 182 183 177 177 114 197 204 208 185 183 100 154 236 234 0 0 0 111 238 238 0 0 0 0 234 234 0 0 0 0 0 0 0 0 0 0 0 0 0 0 0 0 0 0 0 0 0 0 0 0 0 0 0 0 0 0 0 0 0 0 0 0 0 0 187 183 177 197 236 185 111 238 0 0 0 0 0 0 0 0 0 0 204 208 238 238 0 0 0 0 208 238 0 0 238 238 0 0 238 0
8 0.0023087 4.73494e-007 9.59469e-011 4.37691e-011 -2.69943e-021 1.33818e-014 8.70751e-022 0.0023087 4.73494e-007 9.59469e-011 4.37691e-011 -2.69943e-021 1.33818e-014 8.70751e-022 165 0 0 0 158 162 215 206 203 198 198 204 123 206 217 241 199 0 0 141 245 243 0 0 0 123 241 247 0 0 0 0 245 251 238 0 0 0 0 0 0 0 0 0 0 0 0 0 0 0 0 0 0 0 0 0 0 0 0 0 0 0 0 0 0 0 0 0 0 0 0 0 215 203 204 206 245 199 123 251 238 0 0 0 0 0 0 0 0 0 217 241 245 251 0 0 0 0 241 251 0 0 245 251 0 0 251 0
8 0.00232298 4.82194e-007 2.22957e-011 1.83376e-011 8.86573e-023 -6.9194e-015 3.60033e-022 0.00232298 4.82194e-007 2.22957e-011 1.83376e-011 8.86573e-023 -6.9194e-015 3.60033e-022 0 0 0 0 121 123 204 201 199 192 191 187 218 212 220 229 199 199 0 127 247 247 0 0 0 0 247 247 0 0 0 0 248 247 0 0 0 0 0 0 0 0 0 0 0 0 0 0 0 0 0 0 0 0 0 0 0 0 0 0 0 0 0 0 0 0 0 0 0 0 0 0 204 199 191 218 247 199 0 248 0 0 0 0 0 0 0 0 0 0 220 229 248 247 0 0 0 0 229 248 0 0 248 247 0 0 248 0
8 0.00232976 5.0321e-007 2.05305e-011 2.54129e-011 -5.68193e-022 1.00096e-014 -1.18754e-022 0.00232976 5.0321e-007 2.05305e-011 2.54129e-011 -5.68193e-022 1.00096e-014 -1.18754e-022 0 0 0 0 0 0 194 194 196 194 187 185 227 210 217 227 198 205 0 128 245 241 0 0 0 0 239 245 0 0 0 0 245 243 0 0 0 0 0 0 0 0 0 0 0 0 0 0 0 0 0 0 0 0 0 0 0 0 0 0 0 0 0 0 0 0 0 0 0 0 0 0 194 196 187 227 245 205 0 245 0 0 0 0 0 0 0 0 0 0 227 227 245 245 0 0 0 0 227 245 0 0 245 245 0 0 245 0
8 0.00417072 1.7367e-006 4.52341e-011 6.56891e-011 3.5652e-021 -8.44716e-014 3.33206e-022 0.00417072 1.7367e-006 4.52341e-011 6.56891e-011 3.5652e-021 -8.44716e-014 3.33206e-022 0 0 0 0 0 0 182 190 196 197 0 0 212 212 212 203 212 208 0 208 234 236 213 215 0 0 241 241 0 0 251 0 239 241 0 251 0 0 0 0 0 0 0 0 0 0 0 0 0 0 0 0 0 0 0 0 0 0 0 0 0 0 0 0 0 0 0 0 0 0 0 0 190 197 0 212 236 215 251 241 251 0 0 0 0 0 0 0 0 0 212 212 251 251 0 0 0 0 212 251 0 0 251 251 0 0 251 0
8 0.00399615 1.40812e-006 4.17126e-012 4.31778e-010 -1.50106e-020 2.81889e-013 -1.05099e-020 0.00399615 1.40812e-006 4.17126e-012 4.31778e-010 -1.50106e-020 2.81889e-013 -1.05099e-020 0 0 177 173 0 0 0 153 192 187 0 0 169 191 201 217 163 0 171 189 241 243 158 137 0 0 241 241 128 137 0 0 239 241 0 0 0 0 0 0 0 0 0 0 0 0 0 0 0 0 0 0 0 0 0 0 0 0 0 0 0 0 0 0 0 0 0 0 0 0 0 0 153 192 0 191 243 161 0 241 137 0 0 0 0 0 0 0 0 0 201 217 241 243 0 0 0 0 217 243 0 0 241 243 0 0 243 0
8 0.00381061 1.65077e-006 5.95054e-011 8.48047e-010 -1.79115e-019 3.92047e-013 6.48859e-020 0.00381061 1.65077e-006 5.95054e-011 8.48047e-010 -1.79115e-019 3.92047e-013 6.48859e-020 0 0 182 178 0 0 160 187 203 198 133 0 190 201 234 227 178 156 194 194 241 232 168 167 0 0 245 241 0 0 0 0 241 247 0 0 0 0 0 0 0 0 0 0 0 0 0 0 0 0 0 0 0 0 0 0 0 0 0 0 0 0 0 0 0 0 0 0 0 0 0 0 187 203 133 201 241 176 0 247 0 0 0 0 0 0 0 0 0 0 234 227 245 247 0 0 0 0 234 247 0 0 245 247 0 0 247 0
8 0.00371315 1.37143e-006 2.2413e-010 5.14303e-010 1.15228e-020 -2.73666e-013 1.74233e-019 0.00371315 1.37143e-006 2.2413e-010 5.14303e-010 1.15228e-020 -2.73666e-013 1.74233e-019 0 0 180 180 0 0 173 190 199 198 146 114 187 201 222 218 171 160 0 0 239 234 156 160 0 0 241 245 0 0 251 0 245 241 0 251 0 0 0 0 0 0 0 0 0 0 0 0 0 0 0 0 0 0 0 0 0 0 0 0 0 0 0 0 0 0 0 0 0 0 0 0 190 199 146 201 239 171 251 245 251 0 0 0 0 0 0 0 0 0 222 218 251 251 0 0 0 0 222 251 0 0 251 251 0 0 251 0
8 0.00332418 2.11059e-006 2.34935e-010 9.76589e-011 1.14716e-020 -1.14861e-013 -9.33919e-021 0.00332418 2.11059e-006 2.34935e-010 9.76589e-011 1.14716e-020 -1.14861e-013 -9.33919e-021 0 0 0 0 0 0 176 178 196 199 0 0 218 232 213 210 213 199 226 239 243 241 239 220 0 0 245 241 0 0 251 0 245 245 0 247 0 0 0 0 0 0 0 0 0 0 0 0 0 167 3 0 0 0 0 0 0 0 0 0 0 0 0 0 0 0 0 0 0 0 0 0 178 199 0 239 243 239 251 245 251 0 0 0 0 0 0 0 0 0 232 213 251 251 0 0 0 0 232 251 0 0 251 251 0 0 251 0
8 0.00315641 1.81707e-006 2.08212e-010 9.56944e-011 1.34889e-020 -1.25652e-013 7.1356e-022 0.00315641 1.81707e-006 2.08212e-010 9.56944e-011 1.34889e-020 -1.25652e-013 7.1356e-022 0 0 0 0 0 0 194 199 198 199 151 0 222 238 226 217 220 204 0 247 245 241 247 226 0 0 247 247 0 0 251 0 245 245 0 251 0 0 0 0 0 0 0 0 0 0 0 0 0 0 2 0 0 0 0 0 0 0 0 0 0 0 0 0 0 0 0 0 0 0 0 0 199 199 151 247 245 247 251 247 251 0 0 0 0 0 0 0 0 0 238 220 251 251 0 0 0 0 238 251 0 0 251 251 0 0 251 0
8 0.0024442 5.8083e-007 5.11636e-011 1.0877e-011 -9.97343e-023 -3.11913e-015 -2.36417e-022 0.0024442 5.8083e-007 5.11636e-011 1.0877e-011 -9.97343e-023 -3.11913e-015 -2.36417e-022 0 0 0 0 0 107 187 189 192 187 183 180 229 225 213 217 208 215 0 107 233 238 0 0 0 0 232 238 0 0 0 0 235 233 0 0 0 0 0 0 0 0 0 0 0 0 0 0 0 0 0 0 0 0 0 0 0 0 0 0 0 0 0 0 0 0 0 0 0 0 0 0 189 192 183 229 238 215 0 238 0 0 0 0 0 0 0 0 0 0 229 217 235 238 0 0 0 0 229 238 0 0 235 238 0 0 238 0
8 0.00236958 5.92473e-007 6.83179e-011 1.30846e-011 -1.20736e-022 -2.65979e-015 3.72109e-022 0.00236958 5.92473e-007 6.83179e-011 1.30846e-011 -1.20736e-022 -2.65979e-015 3.72109e-022 0 0 0 0 0 118 191 191 194 190 185 180 231 226 220 224 204 208 0 130 238 241 0 0 0 107 239 245 0 0 0 0 233 241 0 0 0 0 0 0 0 0 0 0 0 0 0 0 0 0 0 0 0 0 0 0 0 0 0 0 0 0 0 0 0 0 0 0 0 0 0 0 191 194 185 231 241 208 107 245 0 0 0 0 0 0 0 0 0 0 231 224 239 245 0 0 0 0 231 245 0 0 239 245 0 0 245 0
8 0.00247653 5.89423e-007 6.38868e-011 1.38982e-011 2.11706e-022 -8.71491e-015 -3.55935e-022 0.00247653 5.89423e-007 6.38868e-011 1.38982e-011 2.11706e-022 -8.71491e-015 -3.55935e-022 0 0 0 0 120 132 199 199 196 196 196 194 227 225 213 220 218 224 0 113 232 234 0 0 0 0 238 241 0 0 0 0 232 234 0 0 0 0 0 0 0 0 0 0 0 0 0 0 0 0 0 0 0 0 0 0 0 0 0 0 0 0 0 0 0 0 0 0 0 0 0 0 199 196 196 227 234 224 0 241 0 0 0 0 0 0 0 0 0 0 227 224 238 241 0 0 0 0 227 241 0 0 238 241 0 0 241 0
8 0.00244072 5.98297e-007 4.1195e-011 1.16802e-011 1.27237e-022 -7.03765e-015 -2.22384e-022 0.00244072 5.98297e-007 4.1195e-011 1.16802e-011 1.27237e-022 -7.03765e-015 -2.22384e-022 0 0 0 0 0 0 192 192 190 175 180 173 241 233 209 210 217 224 0 111 238 241 0 0 0 0 238 245 0 0 0 0 231 247 0 0 0 0 0 0 0 0 0 0 0 0 0 0 0 0 0 0 0 0 0 0 0 0 0 0 0 0 0 0 0 0 0 0 0 0 0 0 192 190 180 241 241 224 0 247 0 0 0 0 0 0 0 0 0 0 241 224 239 247 0 0 0 0 241 247 0 0 241 247 0 0 247 0
9 0.00252767 2.06748e-007 1.66194e-010 5.73939e-010 -6.75547e-020 1.32164e-013 1.6388e-019 0.00252767 2.06748e-007 1.66194e-010 5.73939e-010 -6.75547e-020 1.32164e-013 1.6388e-019 0 0 149 149 0 0 0 133 158 158 0 0 0 146 160 160 0 0 0 148 161 160 102 0 78 144 161 158 113 0 82 139 168 160 119 0 0 0 0 0 0 0 0 0 0 0 0 0 0 0 131 0 0 0 0 0 99 0 0 0 0 0 78 0 0 0 0 0 0 38 0 0 133 158 0 149 161 0 144 168 114 0 0 0 0 0 0 0 0 0 160 160 168 160 0 0 0 0 160 168 0 0 168 160 0 0 168 0
9 0.00262648 2.35415e-007 2.05147e-010 7.82261e-010 -1.74458e-019 1.86319e-013 2.6032e-019 0.00262648 2.35415e-007 2.05147e-010 7.82261e-010 -1.74458e-019 1.86319e-013 2.6032e-019 0 0 137 137 0 0 0 119 151 149 0 0 0 132 149 151 0 0 0 132 149 151 106 0 64 126 149 151 109 0 77 112 163 163 99 0 0 0 0 0 0 0 0 0 0 0 0 0 0 0 116 0 0 0 0 0 123 0 0 0 0 0 111 67 0 0 0 59 100 62 0 0 119 151 0 132 151 0 126 163 106 0 0 0 0 0 0 0 62 0 151 151 163 163 0 0 0 0 151 163 0 0 163 163 0 0 163 0
9 0.00235224 2.27304e-007 1.66815e-010 7.46612e-010 -1.72378e-019 2.63879e-013 1.99278e-019 0.00235224 2.27304e-007 1.66815e-010 7.46612e-010 -1.72378e-019 2.63879e-013 1.99278e-019 0 0 140 142 0 0 0 133 149 149 0 0 0 137 149 153 0 0 76 139 147 154 0 0 84 128 144 144 102 0 83 125 151 152 118 0 0 0 0 0 0 0 0 0 0 0 0 0 0 0 97 0 0 0 0 0 99 0 0 0 0 66 73 0 0 0 0 73 80 54 0 0 133 149 0 139 154 0 131 152 118 0 0 0 0 0 0 0 0 0 149 153 151 154 0 0 0 0 153 154 0 0 151 154 0 0 154 0
9 0.00224548 1.9003e-007 1.69552e-010 4.47453e-010 -1.21214e-019 1.16001e-013 2.22877e-020 0.00224548 1.9003e-007 1.69552e-010 4.47453e-010 -1.21214e-019 1.16001e-013 2.22877e-020 0 0 139 140 0 0 0 126 146 144 0 0 0 135 146 148 0 0 73 135 144 148 116 0 82 128 141 142 123 0 78 120 153 151 121 0 0 0 0 0 0 0 0 0 0 0 0 0 0 0 123 0 0 0 0 0 117 0 0 0 0 0 77 54 0 0 0 50 83 46 0 0 126 146 0 135 148 114 128 153 116 0 0 0 0 0 0 0 46 0 146 148 153 151 0 0 0 0 148 153 0 0 153 151 0 0 153 0
9 0.00210107 1.72211e-007 9.85816e-011 3.30402e-010 -5.29699e-020 3.43105e-014 -2.73839e-020 0.00210107 1.72211e-007 9.85816e-011 3.30402e-010 -5.29699e-020 3.43105e-014 -2.73839e-020 0 0 133 134 0 0 0 125 140 140 0 0 0 133 140 142 91 0 71 135 142 142 112 0 82 126 140 142 109 0 75 119 149 151 109 0 0 0 0 0 0 0 0 0 0 0 0 0 0 0 121 0 0 0 0 0 119 0 0 0 0 57 116 47 0 0 0 68 96 0 0 0 128 140 0 135 142 109 128 151 109 0 0 0 0 0 0 0 0 0 140 142 149 151 0 0 0 0 142 151 0 0 149 151 0 0 151 0
9 0.00207778 2.12929e-007 1.74994e-010 4.69384e-010 -1.09912e-019 1.67952e-013 7.75655e-020 0.00207778 2.12929e-007 1.74994e-010 4.69384e-010 -1.09912e-019 1.67952e-013 7.75655e-020 0 80 137 137 0 0 0 131 142 142 0 0 75 137 142 142 0 0 83 139 142 141 102 0 86 130 137 137 107 0 80 123 149 150 109 0 0 0 0 0 0 0 0 0 60 0 0 0 0 0 128 0 0 0 0 67 112 0 0 0 0 74 75 50 0 0 0 68 85 47 0 0 135 142 0 139 142 98 130 150 107 0 0 0 0 0 0 0 47 0 142 142 149 150 0 0 0 0 142 150 0 0 149 150 0 0 150 0
9 0.00209238 2.2491e-007 1.97788e-010 4.58855e-010 -1.2299e-019 1.70521e-013 6.31033e-020 0.00209238 2.2491e-007 1.97788e-010 4.58855e-010 -1.2299e-019 1.70521e-013 6.31033e-020 0 68 140 139 0 0 0 123 144 146 0 0 73 130 146 147 0 0 78 132 144 147 109 0 83 121 141 142 109 0 83 116 151 154 118 0 0 0 0 0 0 0 0 0 0 0 0 0 0 0 119 0 0 0 0 0 123 0 0 0 0 71 78 52 0 0 0 73 89 47 0 0 123 146 0 132 147 102 125 154 111 0 0 0 0 0 0 0 47 0 146 147 151 154 0 0 0 0 147 154 0 0 151 154 0 0 154 0
9 0.00238583 1.27481e-007 2.60219e-011 3.52161e-010 -3.29605e-020 -3.62314e-014 7.07683e-021 0.00238583 1.27481e-007 2.60219e-011 3.52161e-010 -3.29605e-020 -3.62314e-014 7.07683e-021 0 0 142 142 0 0 0 0 154 151 0 0 0 128 151 151 0 0 0 130 151 151 126 0 82 123 146 147 130 0 82 118 154 157 123 0 0 0 0 0 0 0 0 0 0 0 0 0 0 0 0 0 0 0 0 0 92 74 0 0 0 0 79 64 0 0 0 74 79 53 0 0 0 154 0 130 151 123 123 157 125 0 0 0 0 0 0 0 53 0 154 151 154 157 0 0 0 0 154 157 0 0 154 157 0 0 157 0
9 0.00242139 1.57049e-007 7.20046e-011 4.0135e-010 -6.74048e-020 1.70846e-014 1.0568e-020 0.00242139 1.57049e-007 7.20046e-011 4.0135e-010 -6.74048e-020 1.70846e-014 1.0568e-020 0 0 144 144 0 0 0 0 154 151 0 0 0 123 153 155 0 0 0 123 154 154 126 0 0 120 151 151 127 0 80 111 160 165 123 0 0 0 0 0 0 0 0 0 0 0 0 0 0 0 0 0 0 0 0 0 116 75 0 0 0 0 95 62 0 0 0 0 98 50 0 0 0 154 0 128 155 123 120 165 125 0 0 0 0 0 0 0 50 0 154 155 160 165 0 0 0 0 155 165 0 0 160 165 0 0 165 0
9 0.00259416 1.50882e-007 7.07545e-011 5.6357e-010 -7.63629e-020 -5.39233e-014 8.26647e-020 0.00259416 1.50882e-007 7.07545e-011 5.6357e-010 -7.63629e-020 -5.39233e-014 8.26647e-020 0 0 146 147 0 0 0 0 155 154 0 0 0 128 156 155 0 0 0 130 153 156 130 0 0 127 149 151 132 0 82 125 156 158 128 0 0 0 0 0 0 0 0 0 0 0 0 0 0 0 0 0 0 0 0 0 121 0 0 0 0 0 89 73 0 0 0 0 66 57 0 0 0 155 0 133 156 128 128 158 128 0 0 0 0 0 0 0 57 0 156 155 156 158 0 0 0 0 156 158 0 0 156 158 0 0 158 0
9 0.00242459 1.31233e-007 6.61313e-011 4.57911e-010 -7.51122e-020 6.03159e-015 2.66045e-020 0.00242459 1.31233e-007 6.61313e-011 4.57911e-010 -7.51122e-020 6.03159e-015 2.66045e-020 0 0 139 141 0 0 0 0 148 149 0 0 0 123 151 153 0 0 0 123 149 153 142 0 62 120 151 153 142 0 75 107 164 164 130 0 0 0 0 0 0 0 0 0 0 0 0 0 0 0 0 0 0 0 0 0 114 69 0 0 0 0 105 69 0 0 0 50 93 53 0 0 0 149 0 123 153 142 120 164 140 0 0 0 0 0 0 0 53 0 151 153 164 164 0 0 0 0 153 164 0 0 164 164 0 0 164 0
9 0.00377984 5.68863e-007 4.34034e-010 5.49641e-010 -2.285e-019 -3.41757e-013 -1.40922e-019 0.00377984 5.68863e-007 4.34034e-010 5.49641e-010 -2.285e-019 -3.41757e-013 -1.40922e-019 0 0 0 0 0 0 0 0 162 158 0 0 0 0 167 163 0 0 0 0 163 162 0 0 0 0 160 158 133 0 0 87 149 153 128 0 0 0 0 0 0 0 0 0 0 0 0 0 0 0 0 0 0 0 0 0 0 0 0 0 0 0 0 0 0 0 0 0 0 62 0 0 0 162 0 0 167 0 87 160 130 0 0 0 0 0 0 0 0 0 167 163 163 162 0 0 0 0 167 163 0 0 167 163 0 0 167 0
9 0.00394838 6.6387e-007 4.12593e-010 4.09718e-010 -1.6577e-019 -3.2411e-013 -2.99674e-020 0.00394838 6.6387e-007 4.12593e-010 4.09718e-010 -1.6577e-019 -3.2411e-013 -2.99674e-020 0 0 0 0 0 0 0 0 155 153 0 0 0 0 160 160 0 0 0 0 160 160 0 0 0 0 163 161 146 0 0 0 153 154 134 0 0 0 0 0 0 0 0 0 0 0 0 0 0 0 0 0 0 0 0 0 0 0 0 0 0 0 0 0 0 0 0 0 0 59 0 0 0 155 0 0 160 0 0 163 141 0 0 0 0 0 0 0 0 0 160 160 163 161 0 0 0 0 160 163 0 0 163 161 0 0 163 0
9 0.00360232 5.01549e-007 6.19117e-010 8.73792e-010 -4.05527e-019 -2.06276e-013 -4.9859e-019 0.00360232 5.01549e-007 6.19117e-010 8.73792e-010 -4.05527e-019 -2.06276e-013 -4.9859e-019 0 0 0 0 0 0 0 0 154 151 0 0 0 0 158 160 0 0 0 0 158 160 151 0 0 0 156 154 142 0 0 0 150 153 133 0 0 0 0 0 0 0 0 0 0 0 0 0 0 0 0 0 0 0 0 0 0 0 0 0 0 0 0 83 0 0 0 0 0 81 0 0 0 154 0 0 160 151 0 156 141 0 0 0 0 0 0 0 0 0 158 160 158 160 0 0 0 0 160 160 0 0 158 160 0 0 160 0
9 0.00229229 1.26911e-007 6.43633e-011 4.95954e-010 -8.72073e-020 -7.94977e-014 1.57017e-020 0.00229229 1.26911e-007 6.43633e-011 4.95954e-010 -8.72073e-020 -7.94977e-014 1.57017e-020 0 0 142 144 0 0 0 0 154 153 0 0 0 123 155 158 116 0 0 128 158 160 141 0 0 121 155 154 137 0 70 112 165 167 133 0 0 0 0 0 0 0 0 0 0 0 0 0 0 0 0 0 0 0 0 0 118 0 0 0 0 0 109 64 0 0 0 0 0 48 0 0 0 154 0 128 160 140 121 167 133 0 0 0 0 0 0 0 0 0 155 158 165 167 0 0 0 0 158 167 0 0 165 167 0 0 167 0
9 0.00271163 2.09032e-007 7.16586e-011 4.50597e-010 -6.55427e-020 1.70697e-014 4.75403e-020 0.00271163 2.09032e-007 7.16586e-011 4.50597e-010 -6.55427e-020 1.70697e-014 4.75403e-020 0 0 141 142 0 0 0 0 151 151 0 0 0 126 151 153 0 0 0 126 151 151 128 0 0 121 146 147 127 0 75 116 154 150 126 0 0 0 0 0 0 0 0 0 0 0 0 0 0 0 0 0 0 0 0 0 90 0 0 0 0 0 83 69 0 0 0 0 78 53 0 0 0 151 0 126 153 123 121 154 127 0 0 0 0 0 0 0 53 0 151 153 154 151 0 0 0 0 153 154 0 0 154 153 0 0 154 0
9 0.00384774 5.83839e-007 5.37884e-010 6.1176e-010 -2.96457e-019 -3.7349e-013 1.87783e-019 0.00384774 5.83839e-007 5.37884e-010 6.1176e-010 -2.96457e-019 -3.7349e-013 1.87783e-019 0 0 0 0 0 0 0 0 148 151 0 0 0 0 158 162 0 0 0 0 158 160 0 0 0 0 160 158 109 0 0 90 151 156 123 0 0 0 0 0 0 0 0 0 0 0 0 0 0 0 0 0 0 0 0 0 0 0 0 0 0 0 0 0 0 0 0 0 0 57 0 0 0 151 0 0 162 0 90 160 121 0 0 0 0 0 0 0 0 0 158 162 160 160 0 0 0 0 162 160 0 0 160 162 0 0 162 0
9 0.00246632 1.015e-007 1.84648e-011 4.62273e-010 -4.18115e-020 -7.7969e-014 8.70991e-021 0.00246632 1.015e-007 1.84648e-011 4.62273e-010 -4.18115e-020 -7.7969e-014 8.70991e-021 0 0 137 140 0 0 0 0 148 147 0 0 0 121 149 149 112 0 0 126 149 149 128 0 0 116 148 147 130 0 78 113 158 160 128 0 0 0 0 0 0 0 0 0 0 0 0 0 0 0 0 0 0 0 0 0 114 76 0 0 0 0 111 61 0 0 0 0 89 48 0 0 0 148 0 126 149 126 121 160 126 0 0 0 0 0 0 0 48 0 149 149 158 160 0 0 0 0 149 160 0 0 158 160 0 0 160 0
10 0.00237622 2.71447e-007 6.61945e-011 6.64523e-011 -2.29015e-021 -1.48627e-014 -3.76561e-021 0.00237622 2.71447e-007 6.61945e-011 6.64523e-011 -2.29015e-021 -1.48627e-014 -3.76561e-021 0 226 227 204 198 0 0 220 245 231 203 0 0 245 247 234 0 0 0 241 247 234 0 0 0 233 239 220 0 0 0 0 238 218 0 0 0 0 180 0 0 0 0 0 0 0 0 0 0 0 0 0 0 0 0 0 0 0 0 0 0 0 0 0 0 0 0 0 0 0 0 0 226 245 199 245 247 0 234 239 0 0 0 0 0 0 0 0 0 0 247 234 247 234 0 0 0 0 247 247 0 0 247 234 0 0 247 0
10 0.00235417 2.71236e-007 4.464e-011 7.41601e-011 -2.87667e-021 -2.6088e-014 -3.15144e-021 0.00235417 2.71236e-007 4.464e-011 7.41601e-011 -2.87667e-021 -2.6088e-014 -3.15144e-021 0 227 227 217 212 0 0 233 245 234 215 0 0 241 247 236 0 0 0 233 247 229 0 0 0 233 234 222 0 0 0 0 238 228 0 0 0 0 0 0 0 0 0 0 0 0 0 0 0 0 0 0 0 0 0 0 0 0 0 0 0 0 0 0 0 0 0 0 0 0 0 0 233 245 215 241 247 0 233 238 0 0 0 0 0 0 0 0 0 0 247 236 247 229 0 0 0 0 247 247 0 0 247 236 0 0 247 0
10 0.00223315 2.05589e-007 5.02248e-011 1.02977e-010 -3.86664e-021 -4.24927e-014 -6.31618e-021 0.00223315 2.05589e-007 5.02248e-011 1.02977e-010 -3.86664e-021 -4.24927e-014 -6.31618e-021 0 222 232 208 199 192 0 238 245 239 217 199 0 247 247 239 215 204 0 241 243 234 0 0 0 229 232 226 0 184 0 0 235 229 0 0 0 0 0 0 0 0 0 0 0 5 0 0 0 0 0 0 0 0 0 0 0 0 0 0 0 0 0 0 0 0 0 0 0 0 0 0 238 245 215 247 247 215 229 235 184 0 0 0 0 0 0 0 0 0 247 239 243 234 0 0 0 0 247 243 0 0 247 239 0 0 247 0
10 0.00222366 2.08819e-007 5.41845e-011 8.82738e-011 -4.17221e-021 -4.03003e-014 -4.45686e-021 0.00222366 2.08819e-007 5.41845e-011 8.82738e-011 -4.17221e-021 -4.03003e-014 -4.45686e-021 0 215 227 205 199 187 0 247 245 241 220 198 0 236 247 241 222 208 0 232 243 239 0 208 0 226 234 225 0 0 0 0 234 229 0 0 0 0 180 0 0 0 0 0 0 7 0 0 0 0 0 0 0 0 0 0 0 0 0 0 0 0 0 0 0 0 0 0 0 0 0 0 247 245 218 236 247 222 232 234 0 0 0 0 0 0 0 0 0 0 247 241 243 239 0 0 0 0 247 243 0 0 247 241 0 0 247 0
10 0.0022347 2.21986e-007 5.7402e-011 9.64161e-011 -5.54647e-022 -2.66397e-014 -7.15132e-021 0.0022347 2.21986e-007 5.7402e-011 9.64161e-011 -5.54647e-022 -2.66397e-014 -7.15132e-021 0 215 232 209 198 187 0 239 245 238 213 198 0 247 247 241 215 199 0 241 241 233 0 0 0 229 232 227 0 0 0 0 236 228 0 0 0 0 0 0 0 0 0 0 0 3 0 0 0 0 0 0 0 0 0 0 0 0 0 0 0 0 0 0 0 0 0 0 0 0 0 0 239 245 212 247 247 215 229 236 0 0 0 0 0 0 0 0 0 0 247 241 241 233 0 0 0 0 247 241 0 0 247 241 0 0 247 0
10 0.0022589 2.53048e-007 3.95763e-011 8.5181e-011 -7.69959e-022 -2.75602e-014 -4.88545e-021 0.0022589 2.53048e-007 3.95763e-011 8.5181e-011 -7.69959e-022 -2.75602e-014 -4.88545e-021 0 218 232 212 213 211 0 241 245 238 224 0 0 247 247 241 0 0 0 245 247 233 0 0 0 233 238 225 0 0 0 0 233 229 0 0 0 0 0 0 0 0 0 0 0 0 0 0 0 0 0 0 0 0 0 0 0 0 0 0 0 0 0 0 0 0 0 0 0 0 0 0 241 245 224 247 247 0 233 238 0 0 0 0 0 0 0 0 0 0 247 241 247 233 0 0 0 0 247 247 0 0 247 241 0 0 247 0
10 0.00217783 2.01579e-007 3.84573e-011 1.04436e-010 -4.47007e-021 -4.58129e-014 -4.88097e-021 0.00217783 2.01579e-007 3.84573e-011 1.04436e-010 -4.47007e-021 -4.58129e-014 -4.88097e-021 0 220 233 217 208 0 0 245 247 241 220 208 0 247 247 245 226 215 0 245 247 236 220 0 0 234 236 231 0 0 0 0 238 229 0 0 0 0 0 0 0 0 0 0 0 0 0 0 0 0 0 0 0 0 0 0 0 0 0 0 0 0 0 0 0 0 0 0 0 0 0 0 245 247 220 247 247 226 234 238 0 0 0 0 0 0 0 0 0 0 247 245 247 233 0 0 0 0 247 247 0 0 247 245 0 0 247 0
10 0.00212014 2.01214e-007 2.95356e-011 1.13581e-010 -3.6822e-021 -5.06307e-014 -5.45147e-021 0.00212014 2.01214e-007 2.95356e-011 1.13581e-010 -3.6822e-021 -5.06307e-014 -5.45147e-021 0 222 227 205 194 0 0 241 247 236 210 192 0 247 247 241 217 199 0 241 241 238 213 199 0 234 236 227 0 0 0 0 236 228 0 0 0 0 0 0 0 0 0 0 9 9 0 0 0 0 0 0 0 0 0 0 0 0 0 0 0 0 0 0 0 0 0 0 0 0 0 0 241 247 210 247 247 217 234 236 0 0 0 0 0 0 0 0 0 0 247 241 241 238 0 0 0 0 247 241 0 0 247 241 0 0 247 0
10 0.00221389 2.0778e-007 7.53597e-011 1.08325e-010 -8.67285e-021 -4.90601e-014 -4.53586e-021 0.00221389 2.0778e-007 7.53597e-011 1.08325e-010 -8.67285e-021 -4.90601e-014 -4.53586e-021 0 225 229 199 182 0 0 247 245 234 199 180 0 247 247 241 210 185 126 245 243 238 203 191 0 241 237 224 0 0 0 0 236 227 0 0 0 0 0 0 0 0 0 0 3 0 0 0 0 0 0 0 0 0 0 0 0 0 0 0 0 0 0 0 0 0 0 0 0 0 0 0 247 245 199 247 247 210 241 237 0 0 0 0 0 0 0 0 0 0 247 241 245 238 0 0 0 0 247 245 0 0 247 241 0 0 247 0
10 0.00438918 4.03785e-007 1.36359e-009 8.82989e-010 -9.62468e-019 -5.59054e-013 1.11357e-019 0.00438918 4.03785e-007 1.36359e-009 8.82989e-010 -9.62468e-019 -5.59054e-013 1.11357e-019 0 203 229 227 233 234 0 0 236 232 233 0 0 0 234 224 0 0 0 0 230 222 0 0 0 0 232 231 0 0 251 0 243 224 0 0 0 0 0 2 0 0 0 0 0 0 0 0 0 0 0 0 0 0 0 0 0 0 0 0 0 0 0 0 0 0 0 0 0 0 0 0 203 236 234 0 234 0 251 243 0 0 0 0 0 0 0 0 0 0 236 234 251 251 0 0 0 0 236 251 0 0 251 251 0 0 251 0
10 0.00420675 3.91935e-007 1.19314e-009 1.20877e-009 -1.27185e-018 -2.42757e-013 6.9978e-019 0.00420675 3.91935e-007 1.19314e-009 1.20877e-009 -1.27185e-018 -2.42757e-013 6.9978e-019 0 0 227 231 215 208 0 0 239 229 222 215 0 0 236 224 0 0 0 0 232 227 0 0 0 0 232 232 0 0 0 0 239 226 0 0 0 0 0 0 194 0 0 0 0 0 0 0 0 0 0 0 0 0 0 0 0 0 0 0 0 0 0 0 0 0 0 0 0 0 0 0 0 239 222 0 236 0 0 239 0 0 0 0 0 0 0 0 0 0 239 231 239 251 0 0 0 0 239 251 0 0 239 251 0 0 251 0
10 0.00428044 7.60201e-007 1.87849e-009 1.24384e-009 -1.12149e-018 4.76377e-013 1.53533e-018 0.00428044 7.60201e-007 1.87849e-009 1.24384e-009 -1.12149e-018 4.76377e-013 1.53533e-018 0 0 226 229 222 220 0 0 241 232 229 226 0 0 236 225 0 0 0 0 232 222 0 0 0 0 234 229 0 0 0 0 239 225 0 0 0 0 0 0 204 0 0 0 0 0 0 0 0 0 0 0 0 0 0 0 0 0 0 0 0 0 0 0 0 0 0 0 0 0 0 0 0 241 229 0 236 0 0 239 0 0 0 0 0 0 0 0 0 0 241 232 239 229 0 0 0 0 241 239 0 0 241 232 0 0 241 0
10 0.0040321 6.21711e-007 1.60553e-009 1.93737e-009 -2.30751e-018 4.3204e-013 2.52001e-018 0.0040321 6.21711e-007 1.60553e-009 1.93737e-009 -2.30751e-018 4.3204e-013 2.52001e-018 0 0 231 231 212 208 0 0 245 243 220 208 0 0 247 232 0 0 0 0 239 232 0 0 0 0 238 232 0 0 251 0 247 236 0 251 0 0 0 0 0 0 0 0 0 0 0 0 0 0 0 0 0 0 0 0 0 0 0 0 0 0 0 0 0 0 0 0 0 0 0 0 0 245 220 0 247 0 251 247 251 0 0 0 0 0 0 0 0 0 247 243 251 251 0 0 0 0 247 251 0 0 251 251 0 0 251 0
10 0.00424893 3.98078e-007 1.42465e-009 1.24867e-009 -1.62584e-018 -6.41398e-013 3.60938e-019 0.00424893 3.98078e-007 1.42465e-009 1.24867e-009 -1.62584e-018 -6.41398e-013 3.60938e-019 0 0 227 225 208 194 0 0 239 238 211 0 0 0 239 227 0 0 0 0 231 224 0 0 0 0 234 227 0 0 251 0 235 231 0 251 0 0 0 2 0 0 0 0 0 0 0 0 0 0 0 0 0 0 0 0 0 0 0 0 0 0 0 0 0 0 0 0 0 0 0 0 0 239 211 0 239 0 251 235 251 0 0 0 0 0 0 0 0 0 239 238 251 251 0 0 0 0 239 251 0 0 251 251 0 0 251 0
10 0.00421262 3.67591e-007 1.35797e-009 1.1687e-009 -1.4356e-018 -5.7124e-013 3.26728e-019 0.00421262 3.67591e-007 1.35797e-009 1.1687e-009 -1.4356e-018 -5.7124e-013 3.26728e-019 0 0 229 227 206 0 0 0 241 238 208 0 0 0 241 227 0 0 0 0 233 224 0 0 0 0 232 226 0 0 251 0 237 229 0 251 0 0 0 1 0 0 0 0 0 0 0 0 0 0 0 0 0 0 0 0 0 0 0 0 0 0 0 0 0 0 0 0 0 0 0 0 0 241 208 0 241 0 251 237 251 0 0 0 0 0 0 0 0 0 241 236 251 251 0 0 0 0 241 251 0 0 251 251 0 0 251 0
10 0.00225639 1.97567e-007 3.86928e-011 8.43623e-011 -4.81927e-021 -3.47093e-014 7.79287e-023 0.00225639 1.97567e-007 3.86928e-011 8.43623e-011 -4.81927e-021 -3.47093e-014 7.79287e-023 0 220 226 225 184 174 0 218 247 234 201 177 0 241 247 232 205 175 0 241 247 229 0 0 0 239 241 218 0 0 0 0 231 218 0 0 0 0 173 169 0 0 0 0 0 12 171 0 0 0 0 0 0 0 0 0 0 0 0 0 0 0 0 0 0 0 0 0 0 0 0 0 220 247 201 245 247 204 239 241 0 0 0 0 0 0 0 0 0 0 247 234 247 229 0 0 0 0 247 247 0 0 247 234 0 0 247 0
10 0.00210507 2.04832e-007 2.35444e-011 1.24581e-010 -6.25572e-021 -5.49274e-014 -2.52788e-021 0.00210507 2.04832e-007 2.35444e-011 1.24581e-010 -6.25572e-021 -5.49274e-014 -2.52788e-021 0 215 226 197 184 0 0 238 245 231 197 180 0 247 247 234 208 187 0 239 237 218 205 190 0 229 229 222 0 0 0 226 236 0 0 0 0 0 0 0 0 0 0 0 7 11 0 0 0 0 0 0 0 0 0 0 0 0 0 0 0 0 0 0 0 0 0 0 0 0 0 0 238 245 196 247 247 208 229 236 0 0 0 0 0 0 0 0 0 0 247 234 239 222 0 0 0 0 247 239 0 0 247 234 0 0 247 0
10 0.00206406 2.14039e-007 1.01235e-011 1.18643e-010 -3.74883e-021 -4.88854e-014 1.6891e-021 0.00206406 2.14039e-007 1.01235e-011 1.18643e-010 -3.74883e-021 -4.88854e-014 1.6891e-021 0 217 227 199 180 0 0 236 245 233 196 178 0 247 245 236 208 184 239 238 245 234 208 189 0 229 230 224 199 0 0 222 233 0 0 0 0 0 0 0 0 0 0 0 10 180 0 0 0 0 0 0 0 0 0 0 0 0 0 0 0 0 0 0 0 0 0 0 0 0 0 0 239 245 196 247 245 206 229 233 199 0 0 0 0 0 0 0 0 0 247 236 245 234 0 0 0 0 247 245 0 0 247 236 0 0 247 0
10 0.00398519 3.05202e-007 9.4455e-010 1.46043e-009 -1.67228e-018 -5.33802e-013 3.81688e-019 0.00398519 3.05202e-007 9.4455e-010 1.46043e-009 -1.67228e-018 -5.33802e-013 3.81688e-019 0 0 225 227 215 208 0 0 237 227 222 213 0 0 234 220 213 0 0 0 233 231 213 0 0 0 231 229 0 0 0 0 241 227 0 226 0 0 0 0 188 0 0 0 0 0 0 0 0 0 0 0 0 0 0 0 0 0 0 0 0 0 0 0 0 0 0 0 0 0 0 0 0 237 222 0 234 213 0 241 226 0 0 0 0 0 0 0 0 0 237 227 241 251 0 0 0 0 237 251 0 0 241 251 0 0 251 0